$LOG,0.000,,0,START FILE=../sample/L6_20211226_082212_12MHz_IQ.bin FS=12.000 FI=0.000 IQ=2 TOFF=0.000
$TIME,2022,3,28,5,0,58.100826
$LOG,0.008,L6D,194,SIGNAL FOUND (43.2,-98.3,0.0038254)
$TIME,2022,3,28,5,0,58.796382
$CH,0.100,L6D,194,23,43.2,3.825415304,-93.396,-8.742,0,0
$TIME,2022,3,28,5,0,58.854886
$CH,0.200,L6D,194,48,43.2,3.825416300,-93.006,-18.076,0,0
$TIME,2022,3,28,5,0,58.914015
$CH,0.300,L6D,194,73,43.2,3.825419655,-93.235,-27.391,0,0
$TIME,2022,3,28,5,0,58.970146
$CH,0.400,L6D,194,98,43.2,3.825425804,-92.807,-36.718,0,0
$TIME,2022,3,28,5,0,59.027901
$CH,0.500,L6D,194,123,43.2,3.825434743,-93.342,-46.039,0,0
$TIME,2022,3,28,5,0,59.083427
$CH,0.600,L6D,194,148,43.2,3.825446255,-93.140,-55.348,0,0
$TIME,2022,3,28,5,0,59.138133
$CH,0.700,L6D,194,173,43.2,3.825458073,-93.114,-64.659,0,0
$TIME,2022,3,28,5,0,59.194418
$CH,0.800,L6D,194,198,43.2,3.825458175,-93.085,-73.970,0,0
$TIME,2022,3,28,5,0,59.249118
$CH,0.900,L6D,194,223,43.2,3.825458797,-93.065,-83.282,0,0
$TIME,2022,3,28,5,0,59.309689
$CH,1.000,L6D,194,248,43.2,3.825457883,-93.104,-92.599,0,0
$TIME,2022,3,28,5,0,59.364723
$CH,1.100,L6D,194,273,45.3,3.825459335,-91.696,-101.455,0,0
$TIME,2022,3,28,5,0,59.420892
$CH,1.200,L6D,194,298,45.3,3.825458795,-93.320,-110.762,0,0
$TIME,2022,3,28,5,0,59.479794
$CH,1.300,L6D,194,323,45.3,3.825458855,-93.479,-120.105,0,0
$TIME,2022,3,28,5,0,59.536044
$CH,1.400,L6D,194,348,45.3,3.825461516,-92.751,-129.415,0,0
$TIME,2022,3,28,5,0,59.594742
$CH,1.500,L6D,194,373,45.3,3.825466844,-92.798,-138.713,0,0
$TIME,2022,3,28,5,0,59.653389
$CH,1.600,L6D,194,398,45.3,3.825474689,-93.170,-148.017,0,0
$TIME,2022,3,28,5,0,59.714676
$CH,1.700,L6D,194,423,45.3,3.825485192,-93.048,-157.323,0,0
$L6FRM,0.776,L6D,194,0,1ACFFC1DC2A800002E003FA800FBA003F480000E00006000FEDF980000E031FD2EA8CAB8638618638618608A28608E2FE9B54625B0FDEF8162F81208B60007D8606A0054802200C5004604F7F4DFE88FFF3FD2CA8CAB6CBBCF069203FB026500A0810AF8A9DC1D3816480AD90559024AA18F40C3085ED00A800734035003A0FA4060366013503C702A79D8B8E608030EC20762CE31D238F3BFD867E587F21DFF4E2A32AFD81040650003779F181C5D93C6043D68D1815238918194BA9180DDB4D000E7BA9102275A3460AC2EA40053AD2C40612DA460492E9C80F657869E1EAFBFB8DE339E4FB05342F1B4E9EB1FC9CBFA65C750C51FE8E693E5
$TIME,2022,3,28,5,0,59.771408
$CH,1.800,L6D,194,448,45.3,3.825498667,-92.959,-166.612,1,0
$TIME,2022,3,28,5,0,59.826774
$CH,1.900,L6D,194,473,45.3,3.825513558,-92.674,-175.908,1,0
$TIME,2022,3,28,5,0,59.882441
$CH,2.000,L6D,194,498,45.3,3.825530078,-93.535,-185.206,1,0
$TIME,2022,3,28,5,0,59.940757
$CH,2.100,L6D,194,523,46.2,3.825541797,-93.091,-194.505,1,0
$TIME,2022,3,28,5,0,59.998212
$CH,2.200,L6D,194,548,46.2,3.825540919,-93.139,-203.810,1,0
$TIME,2022,3,28,5,1,0.057215
$CH,2.300,L6D,194,573,46.2,3.825542077,-92.741,-213.109,1,0
$TIME,2022,3,28,5,1,0.114114
$CH,2.400,L6D,194,598,46.2,3.825542050,-92.937,-222.402,1,0
$TIME,2022,3,28,5,1,0.168460
$CH,2.500,L6D,194,623,46.2,3.825543396,-93.041,-231.692,1,0
$TIME,2022,3,28,5,1,0.226986
$CH,2.600,L6D,194,648,46.2,3.825547057,-93.145,-240.981,1,0
$TIME,2022,3,28,5,1,0.282213
$CH,2.700,L6D,194,673,46.2,3.825553222,-92.607,-250.274,1,0
$L6FRM,1.776,L6D,194,0,1ACFFC1DC2A82A674BFA5951956C5F7BE1F4014A60A9F054B0016B00A1809AC05BFC4F3D7F9FEA33EBB1F706FA9C0508439281DBD0E9278753A869D55CFBB7FC97C2DAC1F2EFBC07D113F487F7BB14A00EB90186E0F1BFF93FF53FFAE6084F054982B5FFA7151957E22CB0088043043FFFFBEF7C27EF7E344C1DF7F893143C46FB9BA349EE0F2013B9B00487297B604705AFC79F42090BC7A54342871E201EE5FEB044FFCA71158019010478749C75F3C11BF8E1A0BE39E3C031E1CB76B7C6FF157FA11665A020594184C3CA3F58103F8900635E22C1E1162B8F5ADCF1149C7E1A2F52EDABDD550A0C536E1134704376023934D0B3AB551A6E5B
$TIME,2022,3,28,5,1,0.339216
$CH,2.800,L6D,194,698,46.2,3.825562091,-92.563,-259.562,2,0
$TIME,2022,3,28,5,1,0.397255
$CH,2.900,L6D,194,723,46.2,3.825573781,-92.812,-268.862,2,0
$TIME,2022,3,28,5,1,0.457443
$CH,3.000,L6D,194,748,46.2,3.825588060,-92.575,-278.154,2,0
$TIME,2022,3,28,5,1,0.513062
$CH,3.100,L6D,194,773,46.4,3.825603326,-93.136,-287.451,2,0
$TIME,2022,3,28,5,1,0.572103
$CH,3.200,L6D,194,798,46.4,3.825622089,-92.721,-296.733,2,0
$TIME,2022,3,28,5,1,0.632525
$CH,3.300,L6D,194,823,46.4,3.825625937,-92.746,-306.013,2,0
$TIME,2022,3,28,5,1,0.690201
$CH,3.400,L6D,194,848,46.4,3.825624871,-92.850,-315.290,2,0
$TIME,2022,3,28,5,1,0.747201
$CH,3.500,L6D,194,873,46.4,3.825625883,-92.938,-324.576,2,0
$TIME,2022,3,28,5,1,0.801516
$CH,3.600,L6D,194,898,46.4,3.825625841,-92.421,-333.867,2,0
$TIME,2022,3,28,5,1,0.860631
$CH,3.700,L6D,194,923,46.4,3.825629148,-92.909,-343.146,2,0
$L6FRM,2.776,L6D,194,0,1ACFFC1DC2A818BFDBE481AD43C0BFF83B41E85ECFE7FC5FA45B1D05F7C108521AF30C055CF3420FFE2F870CE3933DD816292B3BCC4BBF408A083E2E0CFDD0B9410AEB1F4F2950FCBA17E900D0E35EEA4E9F1403D93F0BEF81F407FC447BBFC00000000000000000000000000000000000000000000000000000000000000000000000000000000000000000000000000000000000000000000000000000000000000000000000000000000000000000000000000000000000000000000000000000000000000000000000000000000000000000000000000000AE751D5DE2B90A6D18A7C849223931BF2858A90A035B9ED77C2390221EFB2444
$TIME,2022,3,28,5,1,0.920480
$CH,3.800,L6D,194,948,46.4,3.825633574,-93.167,-352.426,3,0
$TIME,2022,3,28,5,1,0.980402
$CH,3.900,L6D,194,973,46.4,3.825643101,-92.558,-361.710,3,0
$TIME,2022,3,28,5,1,1.037594
$CH,4.000,L6D,194,998,46.4,3.825653653,-92.913,-370.984,3,0
$TIME,2022,3,28,5,1,1.094000
$CH,4.100,L6D,194,1023,46.7,3.825665682,-92.147,-380.253,3,0
$TIME,2022,3,28,5,1,1.151776
$CH,4.200,L6D,194,1048,46.7,3.825681366,-92.547,-389.525,3,0
$TIME,2022,3,28,5,1,1.208196
$CH,4.300,L6D,194,1073,46.7,3.825698222,-93.073,-398.787,3,0
$TIME,2022,3,28,5,1,1.262252
$CH,4.400,L6D,194,1098,46.7,3.825707752,-93.157,-408.053,3,0
$TIME,2022,3,28,5,1,1.316240
$CH,4.500,L6D,194,1123,46.7,3.825707865,-92.310,-417.317,3,0
$TIME,2022,3,28,5,1,1.376572
$CH,4.600,L6D,194,1148,46.7,3.825708488,-92.808,-426.587,3,0
$TIME,2022,3,28,5,1,1.433677
$CH,4.700,L6D,194,1173,46.7,3.825709225,-92.577,-435.864,3,0
$L6FRM,3.776,L6D,194,0,1ACFFC1DC2A80000000000000000000000000000000000000000000000000000000000000000000000000000000000000000000000000000000000000000000000000000000000000000000000000000000000000000000000000000000000000000000000000000000000000000000000000000000000000000000000000000000000000000000000000000000000000000000000000000000000000000000000000000000000000000000000000000000000000000000000000000000000000000000000000000000000000000000000000000000000000000892BA69D4EF2BEA045555F7AC51E98D85C9569C8A6BCE5690476798793431D4F
$TIME,2022,3,28,5,1,1.493643
$CH,4.800,L6D,194,1198,46.7,3.825710169,-92.687,-445.128,4,0
$TIME,2022,3,28,5,1,1.553631
$CH,4.900,L6D,194,1223,46.7,3.825713261,-92.894,-454.398,4,0
$TIME,2022,3,28,5,1,1.608967
$CH,5.000,L6D,194,1248,46.7,3.825718929,-92.551,-463.660,4,0
$TIME,2022,3,28,5,1,1.663928
$CH,5.100,L6D,194,1273,46.9,3.825727307,-93.163,-472.927,4,0
$TIME,2022,3,28,5,1,1.721645
$CH,5.200,L6D,194,1298,46.9,3.825740504,-93.061,-482.197,4,0
$TIME,2022,3,28,5,1,1.778406
$CH,5.300,L6D,194,1323,46.9,3.825754292,-92.618,-491.472,4,0
$TIME,2022,3,28,5,1,1.837753
$CH,5.400,L6D,194,1348,46.9,3.825770978,-92.569,-500.739,4,0
$TIME,2022,3,28,5,1,1.892310
$CH,5.500,L6D,194,1373,46.9,3.825788437,-93.006,-509.997,4,0
$TIME,2022,3,28,5,1,1.953849
$CH,5.600,L6D,194,1398,46.9,3.825792273,-92.751,-519.265,4,0
$TIME,2022,3,28,5,1,2.013750
$CH,5.700,L6D,194,1423,46.9,3.825792430,-92.712,-528.522,4,0
$L6FRM,4.776,L6D,194,0,1ACFFC1DC2A97F49AA592C03EFDBB011209BFE3E006A04640197F148175030005B002DFF1EFE91FACBFA6D52C96C3F7BE0583E06822D8001F60C1A68153008C031C012813CFD39FA17FFB7F4B2A32AD8EEF7FF6A9F8E0FC167EB002B461ECFFEEC7ED33F52DF9DCFF7EFFC03FC93FD40FB427CF83E65006CB0429F97DBB7440AF8081801B4C161FF82CF98C7D4FFE36E0DFF096F84F1FEA8FED63F627FF4E2A5AAFC70127D0FF75BEDC7FE82202386181F05D7FF7A077E73DF3D9C59449177BF160BFFF4FFF00870240097880787F7811008B1970B1FD8306FC5D20DCF583F7F30EFFACABA9F062CF9A7D2785082E084417E5285DC6C1E951AAE
$TIME,2022,3,28,5,1,2.070325
$CH,5.800,L6D,194,1448,46.9,3.825791483,-92.560,-537.785,5,0
$TIME,2022,3,28,5,1,2.125706
$CH,5.900,L6D,194,1473,46.9,3.825792704,-92.536,-547.040,5,0
$TIME,2022,3,28,5,1,2.185681
$CH,6.000,L6D,194,1498,46.9,3.825796071,-92.805,-556.295,5,0
$TIME,2022,3,28,5,1,2.249287
$CH,6.100,L6D,194,1523,47.4,3.825800937,-92.724,-565.552,5,0
$TIME,2022,3,28,5,1,2.308457
$CH,6.200,L6D,194,1548,47.4,3.825808598,-92.490,-574.799,5,0
$TIME,2022,3,28,5,1,2.367723
$CH,6.300,L6D,194,1573,47.4,3.825819846,-92.728,-584.055,5,0
$TIME,2022,3,28,5,1,2.423558
$CH,6.400,L6D,194,1598,47.4,3.825834335,-92.746,-593.312,5,0
$TIME,2022,3,28,5,1,2.482719
$CH,6.500,L6D,194,1623,47.4,3.825849634,-92.661,-602.559,5,0
$TIME,2022,3,28,5,1,2.542730
$CH,6.600,L6D,194,1648,47.4,3.825867465,-92.532,-611.808,5,0
$TIME,2022,3,28,5,1,2.598592
$CH,6.700,L6D,194,1673,47.4,3.825874492,-92.422,-621.046,5,0
$L6FRM,5.776,L6D,194,0,1ACFFC1DC2A8407EFECFF9FF43810FF221EE111F1242B024FE032E012C0217F0607F73F93FE1EFF03F8BFC03FBFC0070747C03FFC0BF3C02281CFFEFFFDFE4F1451DE0311230FC2F0DF201F24FD13383019BF7FF980E551E487FC003FC703C08444847C487F417F79E80C4FE4FF6FE8ED12FCD2FE9D3400F171E1FEDBEFDF0E870783F3BFD8116021443FC3C3FC2C0048409087C88BF3DC33A24257E73F8CFD0116403F5F1D0184282BC74EFF4277EDE7F87F9E3D021203F040A324433DEFCF8AFD800E401F2EDCBC7BF5F7B77F5FC37BDE00284FA0428A1E48A30EBE2861391B6483FC09904C8E114A710D0C8F40DB7C2EEDD0AB2841F5BF280
$TIME,2022,3,28,5,1,2.658327
$CH,6.800,L6D,194,1698,47.4,3.825874951,-92.431,-630.290,6,0
$TIME,2022,3,28,5,1,2.713353
$CH,6.900,L6D,194,1723,47.4,3.825876018,-92.475,-639.539,6,0
$TIME,2022,3,28,5,1,2.771243
$CH,7.000,L6D,194,1748,47.4,3.825875532,-92.666,-648.777,6,0
$TIME,2022,3,28,5,1,2.828987
$CH,7.100,L6D,194,1773,47.1,3.825877371,-92.188,-658.015,6,0
$TIME,2022,3,28,5,1,2.892383
$CH,7.200,L6D,194,1798,47.1,3.825880461,-92.542,-667.246,6,0
$TIME,2022,3,28,5,1,2.952041
$CH,7.300,L6D,194,1823,47.1,3.825887562,-92.442,-676.478,6,0
$TIME,2022,3,28,5,1,3.007270
$CH,7.400,L6D,194,1848,47.1,3.825897601,-92.583,-685.717,6,0
$TIME,2022,3,28,5,1,3.063430
$CH,7.500,L6D,194,1873,47.1,3.825908958,-92.394,-694.947,6,0
$TIME,2022,3,28,5,1,3.117533
$CH,7.600,L6D,194,1898,47.1,3.825923658,-92.286,-704.180,6,0
$TIME,2022,3,28,5,1,3.171489
$CH,7.700,L6D,194,1923,47.1,3.825939787,-91.960,-713.413,6,0
$L6FRM,6.776,L6D,194,0,1ACFFC1DC2A843FDFEEA09CFF17FCBFE465E1FE3C201FDE25FDE41FDFE01E0E2104FEAFF41DC6EBBFBC529FE1BE6FF8081F9A243E11A083FF67F0BDE281BDD9D3DBFFE223C2642226CC5DB2A099FB57C67EC0051E079F6E7DBD77F7D7C7CFE17D7CFE1057D001040F2A503FEFBFD2CA8CAB64BBCFFFD07EFC3FA71FE040885860FFD911E660F3D179043DCABEAD4F60CFA103E9B1EF28F8347A1FFC047F2CAF6537DD83EC09F9CCFA9C0199C125E230B177F8C50FFC47FD8FFE9DFF4E2A5AAFC87947E8C103F8017FFFC07FF81F7DFDDE7B482F3FB9FEE18790FDDBB4889B8744C9A157B20BBB8D7B9E4146B5673BA5E88F2BB9D6B002081F011
$TIME,2022,3,28,5,1,3.226050
$CH,7.800,L6D,194,1948,47.1,3.825957880,-91.775,-722.636,7,0
$TIME,2022,3,28,5,1,3.280256
$CH,7.900,L6D,194,1973,47.1,3.825958176,-91.843,-731.869,7,0
$TIME,2022,3,28,5,1,3.342375
$CH,8.000,L6D,194,1998,47.1,3.825959487,-92.402,-741.096,7,0
$TIME,2022,3,28,5,1,3.397432
$CH,8.100,L6D,194,2023,46.9,3.825959132,-92.275,-750.325,7,0
$TIME,2022,3,28,5,1,3.456748
$CH,8.200,L6D,194,2048,46.9,3.825958971,-92.311,-759.549,7,0
$TIME,2022,3,28,5,1,3.512554
$CH,8.300,L6D,194,2073,46.9,3.825961024,-92.139,-768.768,7,0
$TIME,2022,3,28,5,1,3.567160
$CH,8.400,L6D,194,2098,46.9,3.825966349,-92.412,-777.982,7,0
$TIME,2022,3,28,5,1,3.621591
$CH,8.500,L6D,194,2123,46.9,3.825973434,-91.980,-787.196,7,0
$TIME,2022,3,28,5,1,3.676129
$CH,8.600,L6D,194,2148,46.9,3.825983079,-91.992,-796.416,7,0
$TIME,2022,3,28,5,1,3.731050
$CH,8.700,L6D,194,2173,46.9,3.825995545,-91.663,-805.632,7,0
$L6FRM,7.776,L6D,194,0,1ACFFC1DC2A87FB837CC4DE406AFEBFF703FC4040003FC7FDC4153FE3FDC083C4003FC3BC401B41BDFEBFEE043C407C007C4BC1A404CFE1FE407F87FC43C400781A40B8FE9FEA0800440000404805C41E6FD6FF703BC043C403FBF85C8211F77FDD03C0CB7DB50D41F2BE6D04B3FB3FE00000100001FF00F7507CFF93F9421F1100000F01F17A03EFF57F8C1A3B84CC053F4F1E8DD4107FC8FDF77BC004C48C8B0A4000000000000000000000000000000000000000000000000000000000000000000000000000000000000000000000000000000000000000024FFA3D3BDAF30A822E2770C12B6936EF76B2AC0AFF855987F708DDFAF6DAA1D
$TIME,2022,3,28,5,1,3.785274
$CH,8.800,L6D,194,2198,46.9,3.826010470,-91.947,-814.849,8,0
$TIME,2022,3,28,5,1,3.841138
$CH,8.900,L6D,194,2223,46.9,3.826026041,-92.453,-824.046,8,0
$TIME,2022,3,28,5,1,3.895842
$CH,9.000,L6D,194,2248,46.9,3.826040898,-92.294,-833.260,8,0
$TIME,2022,3,28,5,1,3.958219
$CH,9.100,L6D,194,2273,46.6,3.826041245,-91.515,-842.472,8,0
$TIME,2022,3,28,5,1,4.015626
$CH,9.200,L6D,194,2298,46.6,3.826041583,-92.014,-851.673,8,0
$TIME,2022,3,28,5,1,4.075478
$CH,9.300,L6D,194,2323,46.6,3.826042441,-92.497,-860.887,8,0
$TIME,2022,3,28,5,1,4.131978
$CH,9.400,L6D,194,2348,46.6,3.826042597,-91.864,-870.087,8,0
$TIME,2022,3,28,5,1,4.190032
$CH,9.500,L6D,194,2373,46.6,3.826045692,-91.727,-879.285,8,0
$TIME,2022,3,28,5,1,4.247373
$CH,9.600,L6D,194,2398,46.6,3.826051140,-92.271,-888.480,8,0
$TIME,2022,3,28,5,1,4.301907
$CH,9.700,L6D,194,2423,46.6,3.826060757,-91.898,-897.679,8,0
$L6FRM,8.776,L6D,194,0,1ACFFC1DC2A80000000000000000000000000000000000000000000000000000000000000000000000000000000000000000000000000000000000000000000000000000000000000000000000000000000000000000000000000000000000000000000000000000000000000000000000000000000000000000000000000000000000000000000000000000000000000000000000000000000000000000000000000000000000000000000000000000000000000000000000000000000000000000000000000000000000000000000000000000000000000000892BA69D4EF2BEA045555F7AC51E98D85C9569C8A6BCE5690476798793431D4F
$TIME,2022,3,28,5,1,4.362357
$CH,9.800,L6D,194,2448,46.6,3.826073297,-92.054,-906.877,9,0
$TIME,2022,3,28,5,1,4.424283
$CH,9.900,L6D,194,2473,46.6,3.826087099,-92.236,-916.071,9,0
$TIME,2022,3,28,5,1,4.480647
$CH,10.000,L6D,194,2498,46.6,3.826103732,-92.174,-925.265,9,0
$TIME,2022,3,28,5,1,4.534661
$CH,10.100,L6D,194,2523,46.8,3.826119934,-92.391,-934.468,9,0
$TIME,2022,3,28,5,1,4.589060
$CH,10.200,L6D,194,2548,46.8,3.826124442,-91.586,-943.671,9,0
$TIME,2022,3,28,5,1,4.643267
$CH,10.300,L6D,194,2573,46.8,3.826125539,-91.846,-952.865,9,0
$TIME,2022,3,28,5,1,4.697080
$CH,10.400,L6D,194,2598,46.8,3.826124725,-92.131,-962.055,9,0
$TIME,2022,3,28,5,1,4.752098
$CH,10.500,L6D,194,2623,46.8,3.826125751,-91.246,-971.251,9,0
$TIME,2022,3,28,5,1,4.806087
$CH,10.600,L6D,194,2648,46.8,3.826127160,-91.826,-980.434,9,0
$TIME,2022,3,28,5,1,4.861063
$CH,10.700,L6D,194,2673,46.8,3.826130690,-91.687,-989.621,9,0
$L6FRM,9.776,L6D,194,0,1ACFFC1DC2A97F49AA812C03EFDB0011E09BFE3E006C046A0197F140174030205A802D7F1DFE8BFABFFA6D54096C3F7BE0573E0102308001F6041A70154008C0320014013DFD3BFA37FFF7F4B2A32AD96EF3C10700AB805D0031F008B603C7EF5E75303A3B5D0C002BE8225012F20654FBBA7D963E6D806FB03E180C280A8DFF04FF940017001A1F273F689816BC1106091F05338313C1957FD38AA0ABF29E49F037DFFFF81F81F0208417C185779F0A0A0FF10018803FDBFC00024471A01C7F50020001E0220221E1FF0A0987F07F58401FFFE0001E0231A0C7CEA3833A1BAD9BB34832E1A2A8670BB4445DAB31455B6E2FCE35F8D965009F6A
$TIME,2022,3,28,5,1,4.916134
$CH,10.800,L6D,194,2698,46.8,3.826137366,-91.619,-998.810,10,0
$TIME,2022,3,28,5,1,4.970047
$CH,10.900,L6D,194,2723,46.8,3.826146303,-91.712,-1008.004,10,0
$TIME,2022,3,28,5,1,5.029800
$CH,11.000,L6D,194,2748,46.8,3.826158321,-91.792,-1017.188,10,0
$TIME,2022,3,28,5,1,5.091904
$CH,11.100,L6D,194,2773,46.7,3.826172008,-91.472,-1026.373,10,0
$TIME,2022,3,28,5,1,5.147568
$CH,11.200,L6D,194,2798,46.7,3.826188884,-92.268,-1035.560,10,0
$TIME,2022,3,28,5,1,5.202137
$CH,11.300,L6D,194,2823,46.7,3.826207075,-91.984,-1044.748,10,0
$TIME,2022,3,28,5,1,5.256614
$CH,11.400,L6D,194,2848,46.7,3.826208703,-91.756,-1053.940,10,0
$TIME,2022,3,28,5,1,5.311578
$CH,11.500,L6D,194,2873,46.7,3.826208719,-91.912,-1063.119,10,0
$TIME,2022,3,28,5,1,5.372244
$CH,11.600,L6D,194,2898,46.7,3.826208594,-91.760,-1072.308,10,0
$TIME,2022,3,28,5,1,5.432329
$CH,11.700,L6D,194,2923,46.7,3.826210320,-91.944,-1081.508,10,0
$L6FRM,10.776,L6D,194,0,1ACFFC1DC2A87F97FF8F02021212220121850083F8BFC8200FFFEF0F0FF007501EBF7FFF4100F0010110F0007D0667F6C01CF0020FFFE00002075063FEDC00021D1E0E01F01FF17903ABF9801CF010223112101007D06CFF6FFD80010100011100228D033BFAC0201FFFF000F00FF008D034FF9BFE812F20FF00013113FE9654655B35DE7FF553F789FE24FEB60BF7C7B27FD30FF5A7F51BFA200F450BEC059942D99EC38F36679553EE6FF3970123005380CD005E40B2006F93E957F12FFDB7FE4BFF22E0CE708AF847EFFA7154157E66C73E66FC0000FFF00132699B887518FA47CD575AA53A7431E8207D223581D8AD7FB6E495F714354AE2
$TIME,2022,3,28,5,1,5.488036
$CH,11.800,L6D,194,2948,46.7,3.826212512,-91.762,-1090.700,11,0
$TIME,2022,3,28,5,1,5.543558
$CH,11.900,L6D,194,2973,46.7,3.826218736,-91.595,-1099.887,11,0
$TIME,2022,3,28,5,1,5.601845
$CH,12.000,L6D,194,2998,46.7,3.826226972,-91.959,-1109.072,11,0
$TIME,2022,3,28,5,1,5.661234
$CH,12.100,L6D,194,3023,46.5,3.826237933,-92.029,-1118.267,11,0
$TIME,2022,3,28,5,1,5.716496
$CH,12.200,L6D,194,3048,46.5,3.826252124,-91.657,-1127.453,11,0
$TIME,2022,3,28,5,1,5.770599
$CH,12.300,L6D,194,3073,46.5,3.826267088,-91.980,-1136.644,11,0
$TIME,2022,3,28,5,1,5.828151
$CH,12.400,L6D,194,3098,46.5,3.826285731,-92.024,-1145.819,11,0
$TIME,2022,3,28,5,1,5.892101
$CH,12.500,L6D,194,3123,46.5,3.826291683,-91.691,-1155.003,11,0
$TIME,2022,3,28,5,1,5.953090
$CH,12.600,L6D,194,3148,46.5,3.826291550,-91.815,-1164.183,11,0
$TIME,2022,3,28,5,1,6.009177
$CH,12.700,L6D,194,3173,46.5,3.826291832,-91.504,-1173.355,11,0
$L6FRM,11.776,L6D,194,0,1ACFFC1DC2A87FFFE084080080003FFBE0408007B779F0A08AFF00052003FFFE3FFE085FCA841DCA41B70A015FD67EFDE0939F0102108839E149BE74033EFDF112140D9FE0FF240003FFC7FFC14BF54CBF75047B614155FE9FFF40003C3C7FFC10BF50C7F75083B217FD1FEBFF5403C7FFC03FFD0BF4CC43B4C43F9D4031FECFF843FC400004000004003CC803FB49C4165FE800E4000443FC83FFFC43FF90C03FB89B4140FCD00343FD483BD4BFBB87FB755FFB77DDC40C6FC7FFC8021EFA010F7E00863F0043262E119084C3882C7FD1FE48000000008000000CC728033C3A0DE138C0911DEB7F6C583AD384F041BE80538F1D9A51CB3E40B0
$TIME,2022,3,28,5,1,6.067395
$CH,12.800,L6D,194,3198,46.5,3.826291989,-92.077,-1182.528,12,0
$TIME,2022,3,28,5,1,6.121890
$CH,12.900,L6D,194,3223,46.5,3.826293740,-91.775,-1191.708,12,0
$TIME,2022,3,28,5,1,6.176096
$CH,13.000,L6D,194,3248,46.5,3.826298706,-91.611,-1200.871,12,0
$TIME,2022,3,28,5,1,6.231245
$CH,13.100,L6D,194,3273,46.5,3.826304343,-91.566,-1210.045,12,0
$TIME,2022,3,28,5,1,6.285550
$CH,13.200,L6D,194,3298,46.5,3.826312318,-91.647,-1219.216,12,0
$TIME,2022,3,28,5,1,6.340528
$CH,13.300,L6D,194,3323,46.5,3.826324510,-92.209,-1228.395,12,0
$TIME,2022,3,28,5,1,6.396376
$CH,13.400,L6D,194,3348,46.5,3.826338919,-91.739,-1237.564,12,0
$TIME,2022,3,28,5,1,6.450713
$CH,13.500,L6D,194,3373,46.5,3.826353843,-91.542,-1246.734,12,0
$TIME,2022,3,28,5,1,6.504791
$CH,13.600,L6D,194,3398,46.5,3.826372362,-91.619,-1255.904,12,0
$TIME,2022,3,28,5,1,6.559627
$CH,13.700,L6D,194,3423,46.5,3.826376394,-91.886,-1265.065,12,0
$L6FRM,12.776,L6D,194,0,1ACFFC1DC2A8003F8C847FB45E4094FF5FFE03F43BC440049047C407C3F8003DD408FFEFFF63F7143BFD07FC47F7BC7CEF3800C000000000000000000000000000000000000000000000000000000000000000000000000000000000000000000000000000000000000000000000000000000000000000000000000000000000000000000000000000000000000000000000000000000000000000000000000000000000000000000000000000000000000000000000000000000000000000000000000000000000000000000000000000000000000000000000C30BA856201467F564A0E903D9949C41FA42C3EFDBB775ED13AE67A405850C86
$TIME,2022,3,28,5,1,6.617832
$CH,13.800,L6D,194,3448,46.5,3.826374465,-91.462,-1274.225,13,0
$TIME,2022,3,28,5,1,6.673268
$CH,13.900,L6D,194,3473,46.5,3.826375319,-91.567,-1283.384,13,0
$TIME,2022,3,28,5,1,6.727703
$CH,14.000,L6D,194,3498,46.5,3.826375696,-91.192,-1292.546,13,0
$TIME,2022,3,28,5,1,6.786219
$CH,14.100,L6D,194,3523,46.6,3.826378737,-91.656,-1301.706,13,0
$TIME,2022,3,28,5,1,6.843187
$CH,14.200,L6D,194,3548,46.6,3.826383174,-91.891,-1310.863,13,0
$TIME,2022,3,28,5,1,6.898124
$CH,14.300,L6D,194,3573,46.6,3.826390541,-91.254,-1320.021,13,0
$TIME,2022,3,28,5,1,6.953247
$CH,14.400,L6D,194,3598,46.6,3.826401350,-91.294,-1329.175,13,0
$TIME,2022,3,28,5,1,7.008193
$CH,14.500,L6D,194,3623,46.6,3.826413575,-91.737,-1338.333,13,0
$TIME,2022,3,28,5,1,7.062516
$CH,14.600,L6D,194,3648,46.6,3.826428040,-91.549,-1347.493,13,0
$TIME,2022,3,28,5,1,7.124323
$CH,14.700,L6D,194,3673,46.6,3.826444700,-91.331,-1356.648,13,0
$L6FRM,13.776,L6D,194,0,1ACFFC1DC2A80000000000000000000000000000000000000000000000000000000000000000000000000000000000000000000000000000000000000000000000000000000000000000000000000000000000000000000000000000000000000000000000000000000000000000000000000000000000000000000000000000000000000000000000000000000000000000000000000000000000000000000000000000000000000000000000000000000000000000000000000000000000000000000000000000000000000000000000000000000000000000892BA69D4EF2BEA045555F7AC51E98D85C9569C8A6BCE5690476798793431D4F
$TIME,2022,3,28,5,1,7.180780
$CH,14.800,L6D,194,3698,46.6,3.826458289,-91.729,-1365.813,14,0
$TIME,2022,3,28,5,1,7.235056
$CH,14.900,L6D,194,3723,46.6,3.826458754,-91.720,-1374.970,14,0
$TIME,2022,3,28,5,1,7.289251
$CH,15.000,L6D,194,3748,46.6,3.826457935,-91.224,-1384.126,14,0
$TIME,2022,3,28,5,1,7.344986
$CH,15.100,L6D,194,3773,46.4,3.826458433,-91.487,-1393.279,14,0
$TIME,2022,3,28,5,1,7.402406
$CH,15.200,L6D,194,3798,46.4,3.826459825,-91.830,-1402.432,14,0
$TIME,2022,3,28,5,1,7.462362
$CH,15.300,L6D,194,3823,46.4,3.826462883,-91.437,-1411.587,14,0
$TIME,2022,3,28,5,1,7.517644
$CH,15.400,L6D,194,3848,46.4,3.826469137,-91.572,-1420.741,14,0
$TIME,2022,3,28,5,1,7.580333
$CH,15.500,L6D,194,3873,46.4,3.826477277,-91.183,-1429.891,14,0
$TIME,2022,3,28,5,1,7.635797
$CH,15.600,L6D,194,3898,46.4,3.826488299,-91.606,-1439.044,14,0
$TIME,2022,3,28,5,1,7.690707
$CH,15.700,L6D,194,3923,46.4,3.826501216,-91.797,-1448.198,14,0
$L6FRM,14.776,L6D,194,0,1ACFFC1DC2A97F49AAA92C03E7DA7012609BFE3E0071046E0197F140174030005A802D7F1DFE83FAAFFA6D55496C3F7BE0573DFC02348001F6041A78155008E0320014813DFD41FA37FFFFF4B2A32AD9EEF3C3960233C118A08BC3DFFFEAAF00FC0102007AC02E8FC70FDA53ECD3F468EF6C743F3A199F357F5598A1F871E5E1F4EC9C7DFE3E7B9F6D3F8298038C02D6018F005FFFC2FFD5FFD38AAAABF3AC31EA304083FFE07E00220417FF840FFEFFE7A6DDE7B2828DFC60002A988F6F07776778088998B48079FDE0000880800087800087908178B881DFFC38E4F227C88BA4AFF583B90E9827373D424E8252F5CDC2924C3046398B7953DF
$TIME,2022,3,28,5,1,7.745592
$CH,15.800,L6D,194,3948,46.4,3.826517427,-91.480,-1457.350,15,0
$TIME,2022,3,28,5,1,7.799902
$CH,15.900,L6D,194,3973,46.4,3.826534610,-91.563,-1466.500,15,0
$TIME,2022,3,28,5,1,7.855705
$CH,16.000,L6D,194,3998,46.4,3.826541826,-91.936,-1475.655,15,0
$TIME,2022,3,28,5,1,7.913996
$CH,16.100,L6D,194,4023,46.4,3.826542473,-91.325,-1484.797,15,0
$TIME,2022,3,28,5,1,7.969795
$CH,16.200,L6D,194,4048,46.4,3.826542135,-91.216,-1493.939,15,0
$TIME,2022,3,28,5,1,8.024061
$CH,16.300,L6D,194,4073,46.4,3.826542538,-91.534,-1503.082,15,0
$TIME,2022,3,28,5,1,8.078208
$CH,16.400,L6D,194,4098,46.4,3.826543008,-91.370,-1512.226,15,0
$TIME,2022,3,28,5,1,8.139003
$CH,16.500,L6D,194,4123,46.4,3.826547031,-91.445,-1521.362,15,0
$TIME,2022,3,28,5,1,8.195646
$CH,16.600,L6D,194,4148,46.4,3.826553580,-91.164,-1530.499,15,0
$TIME,2022,3,28,5,1,8.250068
$CH,16.700,L6D,194,4173,46.4,3.826563124,-91.503,-1539.634,15,0
$L6FRM,15.776,L6D,194,0,1ACFFC1DC2A86FF20440C7B8488BF3C3FC044BD9417EFEFFF83C044048004844088808BFDA7FEBFF3FF2000040047BC07C40004040DD805FFFFFF9FDC1DA23EE74130E5FF1EE2117206D3FC8017F6076D4BB997FB652FBF74D51FC17AFC2008FE53FF430B130060E01F3020C2201830423EFBFD417CA167C537852B7F8537FC4FFBC9D8188FFAFF6FE01EC42CE7631DE5EE0FF253750313FCFFF4000F10F01111FF230E20EB6D02BFFB7FD81122FFF00FF00000011123FE9654655B45DE7FE073EE41F5A0FB7A019DC11560624041A01AD812A00199025400CA49C49E8C5093D971B7823AED4241628C3EAD04E9751834AA97462D455CDD3DDA9
$TIME,2022,3,28,5,1,8.304492
$CH,16.800,L6D,194,4198,46.4,3.826576351,-91.355,-1548.772,16,0
$TIME,2022,3,28,5,1,8.359964
$CH,16.900,L6D,194,4223,46.4,3.826590682,-91.257,-1557.909,16,0
$TIME,2022,3,28,5,1,8.417941
$CH,17.000,L6D,194,4248,46.4,3.826608209,-90.819,-1567.036,16,0
$TIME,2022,3,28,5,1,8.472887
$CH,17.100,L6D,194,4273,46.4,3.826625218,-91.377,-1576.171,16,0
$TIME,2022,3,28,5,1,8.526964
$CH,17.200,L6D,194,4298,46.4,3.826624632,-91.021,-1585.312,16,0
$TIME,2022,3,28,5,1,8.581055
$CH,17.300,L6D,194,4323,46.4,3.826625253,-91.629,-1594.443,16,0
$TIME,2022,3,28,5,1,8.635086
$CH,17.400,L6D,194,4348,46.4,3.826625570,-91.110,-1603.577,16,0
$TIME,2022,3,28,5,1,8.697481
$CH,17.500,L6D,194,4373,46.4,3.826626374,-91.209,-1612.697,16,0
$TIME,2022,3,28,5,1,8.753487
$CH,17.600,L6D,194,4398,46.4,3.826628952,-91.104,-1621.814,16,0
$TIME,2022,3,28,5,1,8.807548
$CH,17.700,L6D,194,4423,46.4,3.826633955,-91.269,-1630.945,16,0
$L6FRM,16.776,L6D,194,0,1ACFFC1DC2A80138FDF27E453F6C00227033BFBF0BD1D41948118C042902F9810CF0B75812DC0D2606FF009DFFF6FFF2FFD38AAAABF42869F52862020820061020060FDF84075F7DF5DE7B8823FFD800A07709077FF7FFF00078F36803BFDFFF878078888909088888007B6818FFDDFF210091078707800888898B882CBFE7FF400080000000088808808B6FFADFE1FE07808888007F887808F912E808DFDBFF80780887F8787FF000787B68321FBA00E1FE91F6F77FFF8107F98A48299FE400C6F79207F777EEF007F17B081B1FD3FFE70080888888080008786415C132FE5EDC44E31297F657E6E04EF9112AF1E149BD2DC5ECF4FAC7068217
$TIME,2022,3,28,5,1,8.866391
$CH,17.800,L6D,194,4448,46.4,3.826641459,-91.171,-1640.079,17,0
$TIME,2022,3,28,5,1,8.922275
$CH,17.900,L6D,194,4473,46.4,3.826651272,-91.290,-1649.215,17,0
$TIME,2022,3,28,5,1,8.980407
$CH,18.000,L6D,194,4498,46.4,3.826664267,-91.434,-1658.339,17,0
$TIME,2022,3,28,5,1,9.038611
$CH,18.100,L6D,194,4523,46.6,3.826680266,-91.462,-1667.469,17,0
$TIME,2022,3,28,5,1,9.094585
$CH,18.200,L6D,194,4548,46.6,3.826697607,-90.878,-1676.596,17,0
$TIME,2022,3,28,5,1,9.148899
$CH,18.300,L6D,194,4573,46.6,3.826708352,-90.978,-1685.725,17,0
$TIME,2022,3,28,5,1,9.202865
$CH,18.400,L6D,194,4598,46.6,3.826708632,-91.132,-1694.846,17,0
$TIME,2022,3,28,5,1,9.257497
$CH,18.500,L6D,194,4623,46.6,3.826708995,-91.307,-1703.978,17,0
$TIME,2022,3,28,5,1,9.313378
$CH,18.600,L6D,194,4648,46.6,3.826708431,-91.737,-1713.103,17,0
$TIME,2022,3,28,5,1,9.368671
$CH,18.700,L6D,194,4673,46.6,3.826709234,-91.536,-1722.233,17,0
$L6FRM,17.776,L6D,194,0,1ACFFC1DC2A839A4168FECFFB0844843C003C040404486040B2FF7FFB007FFFC7FC03C043C04061409DFF7FF43740487803FC03804347000000000000000000000000000000000000000000000000000000000000000000000000000000000000000000000000000000000000000000000000000000000000000000000000000000000000000000000000000000000000000000000000000000000000000000000000000000000000000000000000000000000000000000000000000000000000000000000000000000000000000000000000000000000000000D2A764457FD4ACB44256EFEE280158B3982D5B302540D58ABEC8806E28AE80B2
$TIME,2022,3,28,5,1,9.424793
$CH,18.800,L6D,194,4698,46.6,3.826712178,-91.482,-1731.352,18,0
$TIME,2022,3,28,5,1,9.483398
$CH,18.900,L6D,194,4723,46.6,3.826718525,-91.463,-1740.473,18,0
$TIME,2022,3,28,5,1,9.539362
$CH,19.000,L6D,194,4748,46.6,3.826726753,-91.446,-1749.589,18,0
$TIME,2022,3,28,5,1,9.597253
$CH,19.100,L6D,194,4773,46.7,3.826737320,-91.005,-1758.709,18,0
$TIME,2022,3,28,5,1,9.652286
$CH,19.200,L6D,194,4798,46.7,3.826750734,-90.886,-1767.819,18,0
$TIME,2022,3,28,5,1,9.715240
$CH,19.300,L6D,194,4823,46.7,3.826766445,-91.115,-1776.922,18,0
$TIME,2022,3,28,5,1,9.770997
$CH,19.400,L6D,194,4848,46.7,3.826783349,-91.305,-1786.029,18,0
$TIME,2022,3,28,5,1,9.825404
$CH,19.500,L6D,194,4873,46.7,3.826792365,-90.774,-1795.140,18,0
$TIME,2022,3,28,5,1,9.880516
$CH,19.600,L6D,194,4898,46.7,3.826791680,-90.794,-1804.250,18,0
$TIME,2022,3,28,5,1,9.939843
$CH,19.700,L6D,194,4923,46.7,3.826791707,-91.280,-1813.368,18,0
$L6FRM,18.776,L6D,194,0,1ACFFC1DC2A80000000000000000000000000000000000000000000000000000000000000000000000000000000000000000000000000000000000000000000000000000000000000000000000000000000000000000000000000000000000000000000000000000000000000000000000000000000000000000000000000000000000000000000000000000000000000000000000000000000000000000000000000000000000000000000000000000000000000000000000000000000000000000000000000000000000000000000000000000000000000000892BA69D4EF2BEA045555F7AC51E98D85C9569C8A6BCE5690476798793431D4F
$TIME,2022,3,28,5,1,9.996176
$CH,19.800,L6D,194,4948,46.7,3.826791611,-91.504,-1822.487,19,0
$TIME,2022,3,28,5,1,10.052787
$CH,19.900,L6D,194,4973,46.7,3.826793850,-91.577,-1831.595,19,0
$TIME,2022,3,28,5,1,10.107150
$CH,20.000,L6D,194,4998,46.7,3.826798361,-91.087,-1840.714,19,0
$TIME,2022,3,28,5,1,10.161347
$CH,20.100,L6D,194,5023,46.8,3.826804337,-91.043,-1849.828,19,0
$TIME,2022,3,28,5,1,10.215516
$CH,20.200,L6D,194,5048,46.8,3.826812685,-91.073,-1858.943,19,0
$TIME,2022,3,28,5,1,10.270194
$CH,20.300,L6D,194,5073,46.8,3.826824177,-91.299,-1868.058,19,0
$TIME,2022,3,28,5,1,10.324527
$CH,20.400,L6D,194,5098,46.8,3.826838842,-90.940,-1877.169,19,0
$TIME,2022,3,28,5,1,10.386367
$CH,20.500,L6D,194,5123,46.8,3.826854889,-90.937,-1886.285,19,0
$TIME,2022,3,28,5,1,10.444134
$CH,20.600,L6D,194,5148,46.8,3.826873547,-90.844,-1895.397,19,0
$TIME,2022,3,28,5,1,10.498879
$CH,20.700,L6D,194,5173,46.8,3.826876032,-91.074,-1904.501,19,0
$L6FRM,19.776,L6D,194,0,1ACFFC1DC2A97F49AAD12C03DFDA2012A09BBE3D807004760197F138174030205A802CFF1DFE83FAB3FA6D56896C3F7BE0583DFB82388001F6101AB8154008A0320012013AFD3BFA1FFFDFF4B2A32ADA6EFBFEE41F1F4F9187C483EE27F2EB035A0253013140A1804BA82B60162A0B38FDAE7E1A3F141FCA3FEBBFE03BEB9DF054F54C011440E12081C056805D3C3C1E0AE7072583BEFF2CFF5B3FA77FF4E2AD2AFD29087CC8206103F84105F7C1820FDF01F7F77DF0A07FFF27FB1DE2464202243FE441AFBFFCFF7FFD841E043FC0241E02400FA054FF67FC03A6C7B8D069F076507079242AF2C33AA935CA5E3C185567B3E9AD73BAAABC6669
$TIME,2022,3,28,5,1,10.553795
$CH,20.800,L6D,194,5198,46.8,3.826874894,-90.670,-1913.603,20,0
$TIME,2022,3,28,5,1,10.607737
$CH,20.900,L6D,194,5223,46.8,3.826875800,-91.157,-1922.701,20,0
$TIME,2022,3,28,5,1,10.661929
$CH,21.000,L6D,194,5248,46.8,3.826875101,-90.749,-1931.812,20,0
$TIME,2022,3,28,5,1,10.723499
$CH,21.100,L6D,194,5273,46.7,3.826878414,-90.914,-1940.917,20,0
$TIME,2022,3,28,5,1,10.779677
$CH,21.200,L6D,194,5298,46.7,3.826882886,-91.285,-1950.022,20,0
$TIME,2022,3,28,5,1,10.836729
$CH,21.300,L6D,194,5323,46.7,3.826889551,-90.692,-1959.132,20,0
$TIME,2022,3,28,5,1,10.894197
$CH,21.400,L6D,194,5348,46.7,3.826899275,-91.730,-1968.236,20,0
$TIME,2022,3,28,5,1,10.949811
$CH,21.500,L6D,194,5373,46.7,3.826912264,-90.938,-1977.351,20,0
$TIME,2022,3,28,5,1,11.008557
$CH,21.600,L6D,194,5398,46.7,3.826926805,-90.951,-1986.464,20,0
$TIME,2022,3,28,5,1,11.063873
$CH,21.700,L6D,194,5423,46.7,3.826942271,-91.442,-1995.568,20,0
$L6FRM,20.776,L6D,194,0,1ACFFC1DC2A87EE11FFF10FEF10FE7D0507FC7FF00F0F0FFFF00FFF00FF7DFEA3FC3FDC11FF1100010F0121016D0077FCBFFC10F021FFF12FF0130F65056FF9C0200DD041FF1220FEC4FD6D04CFF4C030B131CC34ECB42CCC216DFB1FFBC0080FF010FF011FEE021F6902B7FC000C2FEF11EDE10DE020F06504FBFC3FFC20F0210FF21FE0220F8902CBFBBFF820EF12001210112000850263F8FFD8001FD000FFFF002EF1FE9654655B55DF780AF0017000F8002A7E62FEB8E004C005E0041801E9F18DF5FA7B0D7D5A0045401D800FC3E507ED0FF77379CC80E764C90AC9CFFF92B6659963D0FDDAC17155E0EA19B18BA51A83FE2767B08BB9E
$TIME,2022,3,28,5,1,11.118108
$CH,21.800,L6D,194,5448,46.7,3.826958762,-91.221,-2004.676,21,0
$TIME,2022,3,28,5,1,11.172086
$CH,21.900,L6D,194,5473,46.7,3.826958458,-91.064,-2013.785,21,0
$TIME,2022,3,28,5,1,11.226241
$CH,22.000,L6D,194,5498,46.7,3.826958860,-91.297,-2022.896,21,0
$TIME,2022,3,28,5,1,11.280612
$CH,22.100,L6D,194,5523,47.0,3.826959269,-90.821,-2032.004,21,0
$TIME,2022,3,28,5,1,11.334864
$CH,22.200,L6D,194,5548,47.0,3.826959448,-91.166,-2041.118,21,0
$TIME,2022,3,28,5,1,11.390457
$CH,22.300,L6D,194,5573,47.0,3.826962613,-91.324,-2050.223,21,0
$TIME,2022,3,28,5,1,11.447758
$CH,22.400,L6D,194,5598,47.0,3.826967202,-91.321,-2059.334,21,0
$TIME,2022,3,28,5,1,11.504117
$CH,22.500,L6D,194,5623,47.0,3.826974722,-91.128,-2068.433,21,0
$TIME,2022,3,28,5,1,11.559189
$CH,22.600,L6D,194,5648,47.0,3.826985866,-91.055,-2077.529,21,0
$TIME,2022,3,28,5,1,11.613604
$CH,22.700,L6D,194,5673,47.0,3.826999166,-90.789,-2086.640,21,0
$L6FRM,21.776,L6D,194,0,1ACFFC1DC2A864056E010E4091BEC24F14401D4C138E081B056582D9FF9D7FA5BFCF1FF4E2AD2AFD4B8E7C08104104083FFE07E001FFE08007A001DF7F5DF7C28231FDFFFA1789681170066F7F0788812428035FE3FF87FFFFFF8F808F88FF07F0FEC2818BFD3FEE7F8000090800908800FF1074482CBFE1FF677F8080008808880008807FC2FF9FFE7FF000000008000000000000088C080A5FEFFF007807FF87FFF87F80000108488319FEBFFC098786EFDE690F88708797F32828FFDE00E0087007700908898FFFFF8E3AFE07FF1FEE0F0100011000107808274DF29E70AD2FCC449E8CF998F808A313CB19F39B66A21575DA6107948C654C
$TIME,2022,3,28,5,1,11.667757
$CH,22.800,L6D,194,5698,47.0,3.827014662,-90.937,-2095.744,22,0
$TIME,2022,3,28,5,1,11.725404
$CH,22.900,L6D,194,5723,47.0,3.827031821,-91.003,-2104.852,22,0
$TIME,2022,3,28,5,1,11.779577
$CH,23.000,L6D,194,5748,47.0,3.827041617,-91.131,-2113.956,22,0
$TIME,2022,3,28,5,1,11.833756
$CH,23.100,L6D,194,5773,47.1,3.827042280,-91.092,-2123.062,22,0
$TIME,2022,3,28,5,1,11.889094
$CH,23.200,L6D,194,5798,47.1,3.827042305,-90.889,-2132.158,22,0
$TIME,2022,3,28,5,1,11.949535
$CH,23.300,L6D,194,5823,47.1,3.827042837,-91.090,-2141.255,22,0
$TIME,2022,3,28,5,1,12.012697
$CH,23.400,L6D,194,5848,47.1,3.827043552,-90.495,-2150.355,22,0
$TIME,2022,3,28,5,1,12.067989
$CH,23.500,L6D,194,5873,47.1,3.827047600,-91.456,-2159.458,22,0
$TIME,2022,3,28,5,1,12.122247
$CH,23.600,L6D,194,5898,47.1,3.827053927,-90.631,-2168.564,22,0
$TIME,2022,3,28,5,1,12.176606
$CH,23.700,L6D,194,5923,47.1,3.827062740,-90.914,-2177.661,22,0
$L6FRM,22.776,L6D,194,0,1ACFFC1DC2A8780C46100DA1990D50814C3287AE7F68BB614170FF4FF83FC000044403C003C403C402540AFFEFFF63BFFC03FC0003FFFFFFFFBFE3408DFF1FF53F40BC4880448488387F483800000000000000000000000000000000000000000000000000000000000000000000000000000000000000000000000000000000000000000000000000000000000000000000000000000000000000000000000000000000000000000000000000000000000000000000000000000000000000000000000000000000000000000000000000000000000000000000DC435A08089E4F330D29D0634A7C379FE62BB3F2878C683CA37B10899018B8F5
$TIME,2022,3,28,5,1,12.231499
$CH,23.800,L6D,194,5948,47.1,3.827074192,-91.242,-2186.754,23,0
$TIME,2022,3,28,5,1,12.286057
$CH,23.900,L6D,194,5973,47.1,3.827087899,-90.898,-2195.852,23,0
$TIME,2022,3,28,5,1,12.340507
$CH,24.000,L6D,194,5998,47.1,3.827104952,-90.942,-2204.944,23,0
$TIME,2022,3,28,5,1,12.396652
$CH,24.100,L6D,194,6023,47.1,3.827121846,-90.783,-2214.037,23,0
$TIME,2022,3,28,5,1,12.451823
$CH,24.200,L6D,194,6048,47.1,3.827124969,-90.927,-2223.133,23,0
$TIME,2022,3,28,5,1,12.506116
$CH,24.300,L6D,194,6073,47.1,3.827125709,-90.773,-2232.215,23,0
$TIME,2022,3,28,5,1,12.563140
$CH,24.400,L6D,194,6098,47.1,3.827125163,-91.008,-2241.300,23,0
$TIME,2022,3,28,5,1,12.621584
$CH,24.500,L6D,194,6123,47.1,3.827125242,-91.213,-2250.391,23,0
$TIME,2022,3,28,5,1,12.677315
$CH,24.600,L6D,194,6148,47.1,3.827127053,-90.855,-2259.478,23,0
$TIME,2022,3,28,5,1,12.731340
$CH,24.700,L6D,194,6173,47.1,3.827131552,-90.520,-2268.570,23,0
$L6FRM,23.776,L6D,194,0,1ACFFC1DC2A80000000000000000000000000000000000000000000000000000000000000000000000000000000000000000000000000000000000000000000000000000000000000000000000000000000000000000000000000000000000000000000000000000000000000000000000000000000000000000000000000000000000000000000000000000000000000000000000000000000000000000000000000000000000000000000000000000000000000000000000000000000000000000000000000000000000000000000000000000000000000000892BA69D4EF2BEA045555F7AC51E98D85C9569C8A6BCE5690476798793431D4F
$TIME,2022,3,28,5,1,12.786008
$CH,24.800,L6D,194,6198,47.1,3.827138423,-90.865,-2277.656,24,0
$TIME,2022,3,28,5,1,12.839861
$CH,24.900,L6D,194,6223,47.1,3.827147465,-90.804,-2286.744,24,0
$TIME,2022,3,28,5,1,12.895860
$CH,25.000,L6D,194,6248,47.1,3.827160448,-90.461,-2295.824,24,0
$TIME,2022,3,28,5,1,12.955352
$CH,25.100,L6D,194,6273,47.3,3.827175034,-91.149,-2304.905,24,0
$TIME,2022,3,28,5,1,13.011127
$CH,25.200,L6D,194,6298,47.3,3.827192009,-90.882,-2313.983,24,0
$TIME,2022,3,28,5,1,13.072038
$CH,25.300,L6D,194,6323,47.3,3.827209084,-90.803,-2323.068,24,0
$TIME,2022,3,28,5,1,13.128748
$CH,25.400,L6D,194,6348,47.3,3.827208531,-91.376,-2332.172,24,0
$TIME,2022,3,28,5,1,13.182868
$CH,25.500,L6D,194,6373,47.3,3.827208065,-90.593,-2341.272,24,0
$TIME,2022,3,28,5,1,13.239288
$CH,25.600,L6D,194,6398,47.3,3.827208255,-90.787,-2350.360,24,0
$TIME,2022,3,28,5,1,13.293387
$CH,25.700,L6D,194,6423,47.3,3.827209839,-91.501,-2359.445,24,0
$L6FRM,24.776,L6D,194,0,1ACFFC1DC2A97F49AAF92C03D7DA2012A09B7E3D0072047A019BF138174030005A002CFF1DFE87FABBFA6D57C97C3F7BF2C01FFF5FFDA02D4B2001FF3A055F7E41E00C7E86078047001000200100080006C004400C070FB06C7FF84143FF3069C16FFC6007807C0A406200BBFB201E007218FF9600A80B406785FFDCC00E026006218FF9DFF5007409A863FF73FEBFD9FD4842149FF5607CFD1A421124052009FFF5FD2CA8CAB6BBFEFF8A87B6F3DA59ECC4003BFF5DC0930024000D900B40266A16CC0D0685F13D469E344F15A018800BD00554FED9FF6AFDAEB98372F79C7AE57A8F0E99A530306E9CEDA4154669CE6080F5B8B9652883C7A1
$TIME,2022,3,28,5,1,13.349569
$CH,25.800,L6D,194,6448,47.3,3.827211651,-90.693,-2368.541,25,0
$TIME,2022,3,28,5,1,13.405482
$CH,25.900,L6D,194,6473,47.3,3.827216051,-91.067,-2377.629,25,0
$TIME,2022,3,28,5,1,13.464248
$CH,26.000,L6D,194,6498,47.3,3.827223080,-91.077,-2386.719,25,0
$TIME,2022,3,28,5,1,13.519193
$CH,26.100,L6D,194,6523,47.0,3.827233357,-90.875,-2395.811,25,0
$TIME,2022,3,28,5,1,13.573136
$CH,26.200,L6D,194,6548,47.0,3.827247201,-90.541,-2404.910,25,0
$TIME,2022,3,28,5,1,13.627609
$CH,26.300,L6D,194,6573,47.0,3.827262846,-90.816,-2413.999,25,0
$TIME,2022,3,28,5,1,13.688212
$CH,26.400,L6D,194,6598,47.0,3.827280996,-91.151,-2423.086,25,0
$TIME,2022,3,28,5,1,13.745120
$CH,26.500,L6D,194,6623,47.0,3.827291152,-90.938,-2432.180,25,0
$TIME,2022,3,28,5,1,13.803820
$CH,26.600,L6D,194,6648,47.0,3.827291170,-90.683,-2441.271,25,0
$TIME,2022,3,28,5,1,13.858981
$CH,26.700,L6D,194,6673,47.0,3.827291573,-90.631,-2450.354,25,0
$L6FRM,25.776,L6D,194,0,1ACFFC1DC2A86F35B7F163F2C805F5045083AE024A00C6307198387C24661313F9D7FB7DFD9BFFD38ABEABF5A631F4182102104080081F81FFFF7FFFBDF77FDEE209CFF3FF881E25E220020242423FEE201CFF97FC0221E1FDFFDE0022221EE20717FBFFB0421E000000200220442E20C37FAFFB9E0002220001E0000000EBFFF7F87FB84001FFE01E01E220240E3FFDFFB7F907C07BC1FFE01C43E21CDA0300067FE86025E1FFFE21C41E43EDA0CA80800585E05FE5E222226405FCDA0A7FFCFFA0FC2BBBE398FFCA1E6632BF89006FFD8E04BDDDDB67F8C7EC8338B89F08FEFEB3F1A5F3A44956B87DDDD986CE64CA4E2206565E533C70F4DC
$TIME,2022,3,28,5,1,13.913568
$CH,26.800,L6D,194,6698,47.0,3.827292260,-91.108,-2459.438,26,0
$TIME,2022,3,28,5,1,13.973753
$CH,26.900,L6D,194,6723,47.0,3.827293398,-90.732,-2468.527,26,0
$TIME,2022,3,28,5,1,14.027967
$CH,27.000,L6D,194,6748,47.0,3.827296527,-90.230,-2477.611,26,0
$TIME,2022,3,28,5,1,14.082395
$CH,27.100,L6D,194,6773,47.2,3.827302241,-90.687,-2486.685,26,0
$TIME,2022,3,28,5,1,14.143974
$CH,27.200,L6D,194,6798,47.2,3.827311389,-90.854,-2495.768,26,0
$TIME,2022,3,28,5,1,14.205914
$CH,27.300,L6D,194,6823,47.2,3.827322039,-90.613,-2504.853,26,0
$TIME,2022,3,28,5,1,14.260979
$CH,27.400,L6D,194,6848,47.2,3.827335460,-90.977,-2513.944,26,0
$TIME,2022,3,28,5,1,14.320720
$CH,27.500,L6D,194,6873,47.2,3.827351203,-90.808,-2523.034,26,0
$TIME,2022,3,28,5,1,14.381890
$CH,27.600,L6D,194,6898,47.2,3.827370374,-90.726,-2532.113,26,0
$TIME,2022,3,28,5,1,14.438116
$CH,27.700,L6D,194,6923,47.2,3.827374596,-90.686,-2541.199,26,0
$L6FRM,26.776,L6D,194,0,1ACFFC1DC2A83F7803A44F26CF2CEFCF0F000006D05E802FFF831100000FF1FE2103108502AFFC7FE80000000F0FFF000F00F74022031011ED2FD41E2FEEEDFE9655F55F0F5EF8000717FFD0A3580107B5FF60A21800037201C03F2026035981C047C00007B67E90994000052EFF806ACFFD0610FF10680800F3017EDEF9B7F3EEFD000F9697EAF6C50000343FD903D380000AD810008D800FF9880CFF32800FE2F7F4FDE500003E4FF10534800EA53007E22D008E0BD00012377EC14BF7E915837F4E2AFAAFC2402011207BF0000A083D7BEF22D57A480D06031ED7BF45D730E9CCE56AACFC94B04C2F66D000D664D1A4002AFB6329D9DD69CE
$TIME,2022,3,28,5,1,14.493665
$CH,27.800,L6D,194,6948,47.2,3.827374830,-91.181,-2550.289,27,0
$TIME,2022,3,28,5,1,14.552865
$CH,27.900,L6D,194,6973,47.2,3.827375100,-91.130,-2559.373,27,0
$TIME,2022,3,28,5,1,14.608573
$CH,28.000,L6D,194,6998,47.2,3.827374783,-90.749,-2568.454,27,0
$TIME,2022,3,28,5,1,14.665373
$CH,28.100,L6D,194,7023,47.1,3.827376219,-90.739,-2577.525,27,0
$TIME,2022,3,28,5,1,14.727511
$CH,28.200,L6D,194,7048,47.1,3.827379647,-90.348,-2586.603,27,0
$TIME,2022,3,28,5,1,14.784144
$CH,28.300,L6D,194,7073,47.1,3.827386022,-91.019,-2595.680,27,0
$TIME,2022,3,28,5,1,14.838102
$CH,28.400,L6D,194,7098,47.1,3.827396599,-90.694,-2604.758,27,0
$TIME,2022,3,28,5,1,14.893723
$CH,28.500,L6D,194,7123,47.1,3.827407546,-90.681,-2613.829,27,0
$TIME,2022,3,28,5,1,14.952853
$CH,28.600,L6D,194,7148,47.1,3.827421511,-90.532,-2622.911,27,0
$TIME,2022,3,28,5,1,15.008809
$CH,28.700,L6D,194,7173,47.1,3.827437034,-91.077,-2631.989,27,0
$L6FRM,27.776,L6D,194,0,1ACFFC1DC2A84D3947521705100C801021000821043A33F5F8E3534781B1E44D2EE3F8004BFB888614448F95F82070D0B4B9C43EAE8AF6E3804003FDE4688F950223BC8C7FFDD4565111FD213C7BCB11B4911F460813358C7BF9C4495EF0FD17C0087CF9E457CE53F97249587CF1E4427F7FFA70483804C1E4527081FB83F0D4F7FC00000000000000000000000000000000000000000000000000000000000000000000000000000000000000000000000000000000000000000000000000000000000000000000000000000000000000000000000000000000CDD0327AB9F266E9119879DC7CC39DB4DF5F81DF9F0D3CFAC7A34E41C94C953C
$TIME,2022,3,28,5,1,15.070225
$CH,28.800,L6D,194,7198,47.1,3.827456431,-90.862,-2641.069,28,0
$TIME,2022,3,28,5,1,15.124869
$CH,28.900,L6D,194,7223,47.1,3.827458928,-90.931,-2650.154,28,0
$TIME,2022,3,28,5,1,15.179220
$CH,29.000,L6D,194,7248,47.1,3.827458637,-91.103,-2659.237,28,0
$TIME,2022,3,28,5,1,15.233169
$CH,29.100,L6D,194,7273,47.6,3.827458347,-90.333,-2668.316,28,0
$TIME,2022,3,28,5,1,15.287763
$CH,29.200,L6D,194,7298,47.6,3.827458857,-90.685,-2677.393,28,0
$TIME,2022,3,28,5,1,15.341521
$CH,29.300,L6D,194,7323,47.6,3.827461068,-91.088,-2686.471,28,0
$TIME,2022,3,28,5,1,15.405210
$CH,29.400,L6D,194,7348,47.6,3.827465276,-90.748,-2695.563,28,0
$TIME,2022,3,28,5,1,15.462289
$CH,29.500,L6D,194,7373,47.6,3.827471689,-90.933,-2704.653,28,0
$TIME,2022,3,28,5,1,15.516615
$CH,29.600,L6D,194,7398,47.6,3.827482599,-91.000,-2713.743,28,0
$TIME,2022,3,28,5,1,15.570743
$CH,29.700,L6D,194,7423,47.6,3.827494282,-90.515,-2722.824,28,0
$L6FRM,28.776,L6D,194,0,1ACFFC1DC2A80000000000000000000000000000000000000000000000000000000000000000000000000000000000000000000000000000000000000000000000000000000000000000000000000000000000000000000000000000000000000000000000000000000000000000000000000000000000000000000000000000000000000000000000000000000000000000000000000000000000000000000000000000000000000000000000000000000000000000000000000000000000000000000000000000000000000000000000000000000000000000892BA69D4EF2BEA045555F7AC51E98D85C9569C8A6BCE5690476798793431D4F
$TIME,2022,3,28,5,1,15.625134
$CH,29.800,L6D,194,7448,47.6,3.827509178,-90.716,-2731.900,29,0
$TIME,2022,3,28,5,1,15.680464
$CH,29.900,L6D,194,7473,47.6,3.827525892,-90.650,-2740.984,29,0
$TIME,2022,3,28,5,1,15.738628
$CH,30.000,L6D,194,7498,47.6,3.827541955,-90.838,-2750.061,29,0
$TIME,2022,3,28,5,1,15.800732
$CH,30.100,L6D,194,7523,47.5,3.827542545,-90.655,-2759.142,29,0
$TIME,2022,3,28,5,1,15.857136
$CH,30.200,L6D,194,7548,47.5,3.827541767,-90.464,-2768.212,29,0
$TIME,2022,3,28,5,1,15.912344
$CH,30.300,L6D,194,7573,47.5,3.827541909,-90.828,-2777.291,29,0
$TIME,2022,3,28,5,1,15.972991
$CH,30.400,L6D,194,7598,47.5,3.827543102,-90.980,-2786.371,29,0
$LOG,18.208,,0,END FILE=../sample/L6_20211226_082212_12MHz_IQ.bin
