$LOG,0.000,,0,START FILE=../sample/L6_20211226_082212_12MHz_IQ.bin FS=12.000 FI=0.000 IQ=2 TOFF=0.000
$TIME,2022,3,28,4,58,31.303604
$LOG,0.008,L6E,204,SIGNAL FOUND (43.2,-102.3,0.0038227)
$TIME,2022,3,28,4,58,32.057292
$CH,0.100,L6E,204,23,43.2,3.822670500,-93.964,-8.873,0,0
$TIME,2022,3,28,4,58,32.155313
$CH,0.200,L6E,204,48,43.2,3.822676588,-93.321,-18.214,0,0
$TIME,2022,3,28,4,58,32.273105
$CH,0.300,L6E,204,73,43.2,3.822685437,-92.718,-27.531,0,0
$TIME,2022,3,28,4,58,32.332852
$CH,0.400,L6E,204,98,43.2,3.822697089,-92.935,-36.848,0,0
$TIME,2022,3,28,4,58,32.506629
$CH,0.500,L6E,204,123,43.2,3.822707782,-92.757,-46.180,0,0
$TIME,2022,3,28,4,58,32.562444
$CH,0.600,L6E,204,148,43.2,3.822708482,-93.217,-55.496,0,0
$TIME,2022,3,28,4,58,32.621871
$CH,0.700,L6E,204,173,43.2,3.822708388,-93.057,-64.812,0,0
$TIME,2022,3,28,4,58,32.681534
$CH,0.800,L6E,204,198,43.2,3.822707804,-92.993,-74.122,0,0
$TIME,2022,3,28,4,58,32.746465
$CH,0.900,L6E,204,223,43.2,3.822709540,-93.242,-83.435,0,0
$TIME,2022,3,28,4,58,33.030771
$CH,1.000,L6E,204,248,43.2,3.822709265,-93.134,-92.751,0,0
$TIME,2022,3,28,4,58,33.089508
$CH,1.100,L6E,204,273,45.3,3.822708712,-94.377,-102.553,0,0
$TIME,2022,3,28,4,58,33.148568
$CH,1.200,L6E,204,298,45.3,3.822710162,-92.283,-111.859,0,0
$TIME,2022,3,28,4,58,33.206073
$CH,1.300,L6E,204,323,45.3,3.822714714,-92.758,-121.119,0,0
$TIME,2022,3,28,4,58,33.271824
$CH,1.400,L6E,204,348,45.3,3.822722652,-92.525,-130.407,0,0
$TIME,2022,3,28,4,58,33.330315
$CH,1.500,L6E,204,373,45.3,3.822731866,-93.090,-139.710,0,0
$TIME,2022,3,28,4,58,33.385759
$CH,1.600,L6E,204,398,45.3,3.822745900,-92.915,-149.015,0,0
$TIME,2022,3,28,4,58,33.441397
$CH,1.700,L6E,204,423,45.3,3.822761125,-92.787,-158.324,0,0
$L6FRM,0.776,L6E,204,0,1ACFFC1DCC2183ADC223908C15183E800000C0220003EBFCC82103FCC581D418800152FF701440006560360C200050BFD1C710000A580D84081FFE2FF30244000117FBD14200020BFD90C100006581066880003AC06D3C400069603120207FBAB017D110000D580DC9881FDAAC0C35040FF09601DAA207F86B01616103FB4581C2C08000DAFF606440FF997F92B4200000BFC31B103FF95FEE2E8800052C0587840FF9D7FA300000000000000000000000000000000000000000000000000000000000000000000000000000000000000000000000000000000081D5B5B22CDBB0EF285BE3B77B32DD6FE99DE040EDC8DFD4044F7D1E5FBABFF8
$TIME,2022,3,28,4,58,33.496745
$CH,1.800,L6E,204,448,45.3,3.822779203,-93.259,-167.612,1,0
$TIME,2022,3,28,4,58,33.786969
$CH,1.900,L6E,204,473,45.3,3.822791550,-92.908,-176.907,1,0
$TIME,2022,3,28,4,58,33.842510
$CH,2.000,L6E,204,498,45.3,3.822792099,-93.005,-186.206,1,0
$TIME,2022,3,28,4,58,33.899336
$CH,2.100,L6E,204,523,46.2,3.822792116,-93.302,-195.509,1,0
$TIME,2022,3,28,4,58,33.956589
$CH,2.200,L6E,204,548,46.2,3.822793203,-93.077,-204.808,1,0
$TIME,2022,3,28,4,58,34.013778
$CH,2.300,L6E,204,573,46.2,3.822793626,-92.822,-214.107,1,0
$TIME,2022,3,28,4,58,34.072086
$CH,2.400,L6E,204,598,46.2,3.822796763,-92.907,-223.396,1,0
$TIME,2022,3,28,4,58,34.136472
$CH,2.500,L6E,204,623,46.2,3.822802140,-92.670,-232.687,1,0
$TIME,2022,3,28,4,58,34.196679
$CH,2.600,L6E,204,648,46.2,3.822811645,-93.157,-241.983,1,0
$TIME,2022,3,28,4,58,34.253643
$CH,2.700,L6E,204,673,46.2,3.822824020,-93.151,-251.272,1,0
$L6FRM,1.776,L6E,204,0,1ACFFC1DCC2183ADD22390981D6E84800000C020099F8400D7887FF82F8BFFC928DFF8EF8FFF8CA91FDF8B13FF90014003CF1800BE59A00D161E00CA021FFDB622007A9A7FFC3D29FF8E5AA001A8B1FFEA8B2008FCB4000D03A0026DBDFFFD13E00350C1FF6DA010B13FB02500000443FECB08BFB7891FDA0684FB94C4BFC0B71FF258D47D287ACFF8DE5BFB9DE3BFCBA67FEB0F71FC084A5FDAFA4FFBDE4A7EE0415FD441ADF91BF800000000000000000000000000000000000000000000000000000000000000000000000000000000000000000000000000E492F37728B4122A649E48CDF28E803AA9528E287450A4F7C10E0853B6F4B930
$TIME,2022,3,28,4,58,34.310265
$CH,2.800,L6E,204,698,46.2,3.822837721,-92.869,-260.559,2,0
$TIME,2022,3,28,4,58,34.600295
$CH,2.900,L6E,204,723,46.2,3.822854028,-93.102,-269.856,2,0
$TIME,2022,3,28,4,58,34.661010
$CH,3.000,L6E,204,748,46.2,3.822873021,-92.805,-279.149,2,0
$TIME,2022,3,28,4,58,34.716930
$CH,3.100,L6E,204,773,46.2,3.822875205,-93.266,-288.452,2,0
$TIME,2022,3,28,4,58,34.784862
$CH,3.200,L6E,204,798,46.2,3.822875410,-93.015,-297.736,2,0
$TIME,2022,3,28,4,58,34.846650
$CH,3.300,L6E,204,823,46.2,3.822875194,-92.925,-307.012,2,0
$TIME,2022,3,28,4,58,34.910752
$CH,3.400,L6E,204,848,46.2,3.822876110,-93.056,-316.290,2,0
$TIME,2022,3,28,4,58,34.966082
$CH,3.500,L6E,204,873,46.2,3.822879941,-92.804,-325.573,2,0
$TIME,2022,3,28,4,58,35.028617
$CH,3.600,L6E,204,898,46.2,3.822885649,-92.565,-334.860,2,0
$TIME,2022,3,28,4,58,35.087427
$CH,3.700,L6E,204,923,46.2,3.822893466,-92.169,-344.144,2,0
$L6FRM,2.776,L6E,204,0,1ACFFC1DCC2183ADD223908C15183C80000013E200028B025A01000245FF0E00000000000000000000000000000000000000000000000000000000000000000000000000000000000000000000000000000000000000000000000000000000000000000000000000000000000000000000000000000000000000000000000000000000000000000000000000000000000000000000000000000000000000000000000000000000000000000000000000000000000000000000000000000000000000000000000000000000000000000000000000000000000000AAD040CF2E830CA7C479DDC0207BD05A2FCC0AE1C188E7A71F76AB715EA6495B
$TIME,2022,3,28,4,58,35.146403
$CH,3.800,L6E,204,948,46.2,3.822903816,-93.226,-353.427,3,0
$TIME,2022,3,28,4,58,35.203586
$CH,3.900,L6E,204,973,46.2,3.822916081,-92.454,-362.717,3,0
$TIME,2022,3,28,4,58,35.487759
$CH,4.000,L6E,204,998,46.2,3.822932854,-92.885,-371.986,3,0
$TIME,2022,3,28,4,58,35.542100
$CH,4.100,L6E,204,1023,46.4,3.822948930,-92.675,-381.251,3,0
$TIME,2022,3,28,4,58,35.601746
$CH,4.200,L6E,204,1048,46.4,3.822957823,-92.513,-390.525,3,0
$TIME,2022,3,28,4,58,35.665948
$CH,4.300,L6E,204,1073,46.4,3.822958481,-92.873,-399.790,3,0
$TIME,2022,3,28,4,58,35.722099
$CH,4.400,L6E,204,1098,46.4,3.822958503,-92.705,-409.056,3,0
$TIME,2022,3,28,4,58,35.777976
$CH,4.500,L6E,204,1123,46.4,3.822958968,-92.475,-418.311,3,0
$TIME,2022,3,28,4,58,35.832296
$CH,4.600,L6E,204,1148,46.4,3.822961177,-92.855,-427.587,3,0
$TIME,2022,3,28,4,58,35.890720
$CH,4.700,L6E,204,1173,46.4,3.822965899,-92.677,-436.867,3,0
$L6FRM,3.776,L6E,204,0,1ACFFC1DCC2183ADE22390981D6F04800000C02009950400D5A87FF8260BFFCAC0DFF8EC8FFF8D611FDFAB93FF8F514003D19800BD51A00D1C1E00C9021FFDC6A2007B127FFC4629FF8E82A0019FB1FFEAC32008FE34000CB3A0026ABDFFFD33E0035041FF6D5010B13FB42500000443FECA30BFB6F01FDA0584FB9490BFC0AD1FF25E047D2806CFF8CB5BFB9C6BBFCBC97FEB15B1FC05D65FDAC24FFBDD9A7EDFEF5FD4272DF91A88000000000000000000000000000000000000000000000000000000000000000000000000000000000000000000000000000F0BFBA9859725E923EE17F936AD014864E469E68ACF82F55BB81C7A0C96D615
$TIME,2022,3,28,4,58,35.947165
$CH,4.800,L6E,204,1198,46.4,3.822972016,-93.032,-446.125,4,0
$TIME,2022,3,28,4,58,36.004147
$CH,4.900,L6E,204,1223,46.4,3.822980247,-92.592,-455.393,4,0
$TIME,2022,3,28,4,58,36.289631
$CH,5.000,L6E,204,1248,46.4,3.822992647,-92.596,-464.660,4,0
$TIME,2022,3,28,4,58,36.345007
$CH,5.100,L6E,204,1273,46.8,3.823007282,-92.728,-473.925,4,0
$TIME,2022,3,28,4,58,36.403277
$CH,5.200,L6E,204,1298,46.8,3.823024294,-93.176,-483.193,4,0
$TIME,2022,3,28,4,58,36.459295
$CH,5.300,L6E,204,1323,46.8,3.823041713,-92.468,-492.471,4,0
$TIME,2022,3,28,4,58,36.514370
$CH,5.400,L6E,204,1348,46.8,3.823041191,-92.791,-501.742,4,0
$TIME,2022,3,28,4,58,36.578483
$CH,5.500,L6E,204,1373,46.8,3.823041826,-92.939,-511.004,4,0
$TIME,2022,3,28,4,58,36.645544
$CH,5.600,L6E,204,1398,46.8,3.823041767,-92.799,-520.269,4,0
$TIME,2022,3,28,4,58,36.712712
$CH,5.700,L6E,204,1423,46.8,3.823042829,-92.393,-529.528,4,0
$L6FRM,4.776,L6E,204,0,1ACFFC1DCC2183ADE22390A4FCFDE5000004C2207FEE3FCDC4207FF43FF486200020300CC82000283011CA20002E3002CE20001E3001D020003E301A16200020301D1820002A3FF29A207F843FED5C207FFC3FEF5E20002C3FFCE020000C303AE220000A3001E4207FF63FEC66207FCE3FFD28207FF63FD72A2000143FFF2C207FF4300880000000000000000000000000000000000000000000000000000000000000000000000000000000000000000000000000000000000000000000000000000000000000000000000000000000000000000000000000004F96F5AF1DCE8555F2A0FA9411969F413DE10D93FC3A9298E1F02F62078E712B
$TIME,2022,3,28,4,58,36.772340
$CH,5.800,L6E,204,1448,46.8,3.823044993,-92.445,-538.786,5,0
$TIME,2022,3,28,4,58,36.828744
$CH,5.900,L6E,204,1473,46.8,3.823049678,-92.311,-548.040,5,0
$TIME,2022,3,28,4,58,36.885061
$CH,6.000,L6E,204,1498,46.8,3.823056594,-92.343,-557.294,5,0
$TIME,2022,3,28,4,58,37.177684
$CH,6.100,L6E,204,1523,46.6,3.823067341,-92.967,-566.549,5,0
$TIME,2022,3,28,4,58,37.237475
$CH,6.200,L6E,204,1548,46.6,3.823080599,-92.720,-575.800,5,0
$TIME,2022,3,28,4,58,37.294967
$CH,6.300,L6E,204,1573,46.6,3.823095785,-92.900,-585.054,5,0
$TIME,2022,3,28,4,58,37.349907
$CH,6.400,L6E,204,1598,46.6,3.823113101,-92.444,-594.308,5,0
$TIME,2022,3,28,4,58,37.407577
$CH,6.500,L6E,204,1623,46.6,3.823125464,-92.506,-603.562,5,0
$TIME,2022,3,28,4,58,37.466093
$CH,6.600,L6E,204,1648,46.6,3.823124598,-92.262,-612.813,5,0
$TIME,2022,3,28,4,58,37.524275
$CH,6.700,L6E,204,1673,46.6,3.823125495,-92.586,-622.047,5,0
$L6FRM,5.776,L6E,204,0,1ACFFC1DCC2183ADF22390981D6F84800000C020099A8400D3D87FF82A0BFFCC50DFF8E28FFF8E611FDFAF13FF8FE14003CD9800BBC9A00D1E1E00C7921FFDCE22007B9A7FFC5929FF8EE2A0019531FFEB032008F7B4000CBBA00267BDFFFD0BE00353C1FF6D5010B13FB82500000443FECB90BFB6DA1FDA0104FB93F0BFC0961FF268247D28C2CFF8DA9BFB9E6BBFCBE17FEB0B11FC078A5FDADD4FFBDAEA7EDFE55FD4306DF919E000000000000000000000000000000000000000000000000000000000000000000000000000000000000000000000000000DB21E4984B5ACE0DF889D03B35C7B57C8348236AD19473FCBD6288E1F1871B3F
$TIME,2022,3,28,4,58,37.586359
$CH,6.800,L6E,204,1698,46.6,3.823125703,-92.731,-631.292,6,0
$TIME,2022,3,28,4,58,37.642760
$CH,6.900,L6E,204,1723,46.6,3.823126917,-92.370,-640.541,6,0
$TIME,2022,3,28,4,58,37.702646
$CH,7.000,L6E,204,1748,46.6,3.823130671,-92.357,-649.780,6,0
$TIME,2022,3,28,4,58,37.987809
$CH,7.100,L6E,204,1773,46.9,3.823136727,-92.431,-659.014,6,0
$TIME,2022,3,28,4,58,38.046192
$CH,7.200,L6E,204,1798,46.9,3.823146144,-92.774,-668.243,6,0
$TIME,2022,3,28,4,58,38.105703
$CH,7.300,L6E,204,1823,46.9,3.823158222,-92.253,-677.480,6,0
$TIME,2022,3,28,4,58,38.162718
$CH,7.400,L6E,204,1848,46.9,3.823173707,-92.671,-686.711,6,0
$TIME,2022,3,28,4,58,38.223136
$CH,7.500,L6E,204,1873,46.9,3.823191591,-92.044,-695.947,6,0
$TIME,2022,3,28,4,58,38.278844
$CH,7.600,L6E,204,1898,46.9,3.823208178,-92.359,-705.177,6,0
$TIME,2022,3,28,4,58,38.334016
$CH,7.700,L6E,204,1923,46.9,3.823208509,-92.250,-714.418,6,0
$L6FRM,6.776,L6E,204,0,1ACFFC1DCC2183ADF2238000000000000000000000000000000000000000000000000000000000000000000000000000000000000000000000000000000000000000000000000000000000000000000000000000000000000000000000000000000000000000000000000000000000000000000000000000000000000000000000000000000000000000000000000000000000000000000000000000000000000000000000000000000000000000000000000000000000000000000000000000000000000000000000000000000000000000000000000000000048F4EFFAD7B399BF008958FE0A663CAAD4D98092D07E967B482F817D1A9F3CB5
$TIME,2022,3,28,4,58,38.388979
$CH,7.800,L6E,204,1948,46.9,3.823208450,-92.055,-723.642,7,0
$TIME,2022,3,28,4,58,38.445734
$CH,7.900,L6E,204,1973,46.9,3.823208955,-92.320,-732.865,7,0
$TIME,2022,3,28,4,58,38.502005
$CH,8.000,L6E,204,1998,46.9,3.823209236,-92.077,-742.098,7,0
$TIME,2022,3,28,4,58,38.560720
$CH,8.100,L6E,204,2023,47.0,3.823210468,-92.326,-751.324,7,0
$TIME,2022,3,28,4,58,38.848683
$CH,8.200,L6E,204,2048,47.0,3.823214945,-92.419,-760.544,7,0
$TIME,2022,3,28,4,58,38.903783
$CH,8.300,L6E,204,2073,47.0,3.823221928,-92.418,-769.764,7,0
$TIME,2022,3,28,4,58,38.965214
$CH,8.400,L6E,204,2098,47.0,3.823231601,-91.630,-778.984,7,0
$TIME,2022,3,28,4,58,39.023347
$CH,8.500,L6E,204,2123,47.0,3.823244377,-91.956,-788.196,7,0
$TIME,2022,3,28,4,58,39.080629
$CH,8.600,L6E,204,2148,47.0,3.823261758,-92.216,-797.415,7,0
$TIME,2022,3,28,4,58,39.146801
$CH,8.700,L6E,204,2173,47.0,3.823279573,-92.171,-806.632,7,0
$L6FRM,7.776,L6E,204,0,1ACFFC1DCC2183AE022390981D7004800000C02009950400D2D87FF8248BFFCD20DFF8E70FFF8F591FDF9013FF8FC14003CE9800BA61A00D221E00C7021FFDDA22007C2A7FFC6BA9FF8F72A0018FB1FFEB7320090034000C4BA002623DFFFD1BE0035CC1FF6D2810B13FBC2500000443FECE58BFB7471FDA0684FB92F8BFC0689FF26D047D28D6CFF8E51BFBA23BBFCC007FEB0551FC07965FDB09CFFBD8DA7EDFAF5FD42F2DF919480000000000000000000000000000000000000000000000000000000000000000000000000000000000000000000000000015D1EB50DACC40F447C8237A3486781858C5A14C8C9B3BDC24128B7B38B50B76
$TIME,2022,3,28,4,58,39.208698
$CH,8.800,L6E,204,2198,47.0,3.823291692,-92.294,-815.848,8,0
$TIME,2022,3,28,4,58,39.268643
$CH,8.900,L6E,204,2223,47.0,3.823291678,-92.178,-825.054,8,0
$TIME,2022,3,28,4,58,39.326548
$CH,9.000,L6E,204,2248,47.0,3.823292453,-91.769,-834.263,8,0
$TIME,2022,3,28,4,58,39.392391
$CH,9.100,L6E,204,2273,46.8,3.823292459,-91.681,-843.472,8,0
$TIME,2022,3,28,4,58,39.679977
$CH,9.200,L6E,204,2298,46.8,3.823292113,-92.378,-852.679,8,0
$TIME,2022,3,28,4,58,39.741310
$CH,9.300,L6E,204,2323,46.8,3.823296091,-92.323,-861.887,8,0
$TIME,2022,3,28,4,58,39.798497
$CH,9.400,L6E,204,2348,46.8,3.823303175,-91.895,-871.084,8,0
$TIME,2022,3,28,4,58,39.855232
$CH,9.500,L6E,204,2373,46.8,3.823312656,-91.676,-880.281,8,0
$TIME,2022,3,28,4,58,39.910724
$CH,9.600,L6E,204,2398,46.8,3.823325627,-91.792,-889.479,8,0
$TIME,2022,3,28,4,58,39.965319
$CH,9.700,L6E,204,2423,46.8,3.823338855,-92.007,-898.677,8,0
$L6FRM,8.776,L6E,204,0,1ACFFC1DCC2183AE0223800000000000000000000000000000000000000000000000000000000000000000000000000000000000000000000000000000000000000000000000000000000000000000000000000000000000000000000000000000000000000000000000000000000000000000000000000000000000000000000000000000000000000000000000000000000000000000000000000000000000000000000000000000000000000000000000000000000000000000000000000000000000000000000000000000000000000000000000000000009510E1A72B6BD42419E6C3406BCBA13B37A1155501DAB8BB916FB8FEF56582A2
$TIME,2022,3,28,4,58,40.022908
$CH,9.800,L6E,204,2448,46.8,3.823355666,-91.777,-907.875,9,0
$TIME,2022,3,28,4,58,40.082533
$CH,9.900,L6E,204,2473,46.8,3.823373157,-91.995,-917.073,9,0
$TIME,2022,3,28,4,58,40.138098
$CH,10.000,L6E,204,2498,46.8,3.823374297,-91.768,-926.269,9,0
$TIME,2022,3,28,4,58,40.201636
$CH,10.100,L6E,204,2523,46.9,3.823374773,-91.618,-935.473,9,0
$TIME,2022,3,28,4,58,40.263722
$CH,10.200,L6E,204,2548,46.9,3.823374606,-91.707,-944.670,9,0
$TIME,2022,3,28,4,58,40.552650
$CH,10.300,L6E,204,2573,46.9,3.823375697,-91.871,-953.861,9,0
$TIME,2022,3,28,4,58,40.612307
$CH,10.400,L6E,204,2598,46.9,3.823376735,-91.867,-963.054,9,0
$TIME,2022,3,28,4,58,40.675739
$CH,10.500,L6E,204,2623,46.9,3.823380613,-91.787,-972.248,9,0
$TIME,2022,3,28,4,58,40.737034
$CH,10.600,L6E,204,2648,46.9,3.823387751,-91.827,-981.437,9,0
$TIME,2022,3,28,4,58,40.799837
$CH,10.700,L6E,204,2673,46.9,3.823396666,-91.580,-990.625,9,0
$L6FRM,9.776,L6E,204,0,1ACFFC1DCC2183AE122390981D7084800000C02009940400D2287FF8218BFFCC08DFF8E50FFF90C11FDF7513FF8F894003D29800B8A9A00D261E00C6321FFDF122007D3A7FFC7CA9FF8FD2A0019E31FFEB3B2008F4B4000C5BA0026E3DFFFC6BE00367C1FF6D2810B13FC02500000443FECE40BFB79B1FDA0704FB9260BFC0789FF26E647D27E6CFF8E79BFBA21BBFCC207FEB0191FC090E5FDB1ACFFBD94A7EDFF75FD42EEDF91A7000000000000000000000000000000000000000000000000000000000000000000000000000000000000000000000000000F9A9160E322A4C96E3E9B230716310C7C7B5014C2178D16BB1B5A7DC6C58DCE9
$TIME,2022,3,28,4,58,40.857898
$CH,10.800,L6E,204,2698,46.9,3.823409769,-91.978,-999.810,10,0
$TIME,2022,3,28,4,58,40.917746
$CH,10.900,L6E,204,2723,46.9,3.823424065,-91.786,-1009.000,10,0
$TIME,2022,3,28,4,58,40.977748
$CH,11.000,L6E,204,2748,46.9,3.823440787,-91.780,-1018.191,10,0
$TIME,2022,3,28,4,58,41.037004
$CH,11.100,L6E,204,2773,46.6,3.823458753,-91.895,-1027.373,10,0
$TIME,2022,3,28,4,58,41.095025
$CH,11.200,L6E,204,2798,46.6,3.823459009,-91.641,-1036.563,10,0
$TIME,2022,3,28,4,58,41.386098
$CH,11.300,L6E,204,2823,46.6,3.823458861,-91.783,-1045.755,10,0
$TIME,2022,3,28,4,58,41.444705
$CH,11.400,L6E,204,2848,46.6,3.823458496,-91.814,-1054.939,10,0
$TIME,2022,3,28,4,58,41.504852
$CH,11.500,L6E,204,2873,46.6,3.823458913,-91.701,-1064.128,10,0
$TIME,2022,3,28,4,58,41.562102
$CH,11.600,L6E,204,2898,46.6,3.823461216,-92.241,-1073.309,10,0
$TIME,2022,3,28,4,58,41.628123
$CH,11.700,L6E,204,2923,46.6,3.823466313,-92.097,-1082.505,10,0
$L6FRM,10.776,L6E,204,0,1ACFFC1DCC2183AE122380000000000000000000000000000000000000000000000000000000000000000000000000000000000000000000000000000000000000000000000000000000000000000000000000000000000000000000000000000000000000000000000000000000000000000000000000000000000000000000000000000000000000000000000000000000000000000000000000000000000000000000000000000000000000000000000000000000000000000000000000000000000000000000000000000000000000000000000000000000A0ECF657BE9DA1AD43F106912479DEC7CF0BF2FD697137B86C8852A7FB0231EE
$TIME,2022,3,28,4,58,41.685692
$CH,11.800,L6E,204,2948,46.6,3.823474654,-91.531,-1091.698,11,0
$TIME,2022,3,28,4,58,41.742754
$CH,11.900,L6E,204,2973,46.6,3.823484910,-91.507,-1100.885,11,0
$TIME,2022,3,28,4,58,41.798658
$CH,12.000,L6E,204,2998,46.6,3.823499191,-91.971,-1110.074,11,0
$TIME,2022,3,28,4,58,41.855155
$CH,12.100,L6E,204,3023,46.4,3.823514235,-92.035,-1119.266,11,0
$TIME,2022,3,28,4,58,41.912844
$CH,12.200,L6E,204,3048,46.4,3.823532233,-92.186,-1128.448,11,0
$TIME,2022,3,28,4,58,41.972318
$CH,12.300,L6E,204,3073,46.4,3.823542370,-91.799,-1137.641,11,0
$TIME,2022,3,28,4,58,42.262001
$CH,12.400,L6E,204,3098,46.4,3.823542348,-91.987,-1146.820,11,0
$TIME,2022,3,28,4,58,42.318943
$CH,12.500,L6E,204,3123,46.4,3.823542343,-91.740,-1156.004,11,0
$TIME,2022,3,28,4,58,42.376949
$CH,12.600,L6E,204,3148,46.4,3.823541993,-91.167,-1165.182,11,0
$TIME,2022,3,28,4,58,42.434620
$CH,12.700,L6E,204,3173,46.4,3.823542801,-91.914,-1174.355,11,0
$L6FRM,11.776,L6E,204,0,1ACFFC1DCC2183AE222390981D7104800000C02009908400D2007FF8270BFFCAD8DFF8EB0FFF91B11FDF4F93FF8F894003CE9800B761A00D339E00C53A1FFDFB22007DDA7FFC8629FF900AA001A1B1FFEBAB2008FAB4000C03A00278BDFFFC63E00370C1FF6D3010B13FC42500000443FECE20BFB7C11FDA07A4FB92F4BFC0611FF273747D2834CFF8DE5BFB9F6BBFCC767FEB0AF1FC093E5FDAF14FFBDB9A7EE0295FD42B6DF919C8000000000000000000000000000000000000000000000000000000000000000000000000000000000000000000000000009BFD23F9CD2B39CBD84227EA8D9FD27790D227C7529CC533CC09483D3197D3D4
$TIME,2022,3,28,4,58,42.489600
$CH,12.800,L6E,204,3198,46.4,3.823545605,-91.525,-1183.528,12,0
$TIME,2022,3,28,4,58,42.543623
$CH,12.900,L6E,204,3223,46.4,3.823551825,-91.775,-1192.705,12,0
$TIME,2022,3,28,4,58,42.600793
$CH,13.000,L6E,204,3248,46.4,3.823562502,-91.575,-1201.875,12,0
$TIME,2022,3,28,4,58,42.659394
$CH,13.100,L6E,204,3273,46.3,3.823574263,-91.318,-1211.044,12,0
$TIME,2022,3,28,4,58,42.715847
$CH,13.200,L6E,204,3298,46.3,3.823589220,-91.768,-1220.216,12,0
$TIME,2022,3,28,4,58,42.773117
$CH,13.300,L6E,204,3323,46.3,3.823606069,-92.517,-1229.393,12,0
$TIME,2022,3,28,4,58,43.061815
$CH,13.400,L6E,204,3348,46.3,3.823625946,-91.630,-1238.561,12,0
$TIME,2022,3,28,4,58,43.125100
$CH,13.500,L6E,204,3373,46.3,3.823625588,-91.698,-1247.738,12,0
$TIME,2022,3,28,4,58,43.184228
$CH,13.600,L6E,204,3398,46.3,3.823624589,-91.931,-1256.909,12,0
$TIME,2022,3,28,4,58,43.239998
$CH,13.700,L6E,204,3423,46.3,3.823625334,-91.462,-1266.065,12,0
$L6FRM,12.776,L6E,204,0,1ACFFC1DCC2183AE2223800000000000000000000000000000000000000000000000000000000000000000000000000000000000000000000000000000000000000000000000000000000000000000000000000000000000000000000000000000000000000000000000000000000000000000000000000000000000000000000000000000000000000000000000000000000000000000000000000000000000000000000000000000000000000000000000000000000000000000000000000000000000000000000000000000000000000000000000000000003D63B18CB16C45C674B6402BB23D44488CE76EF7B4C07603BE14C72B493028C3
$TIME,2022,3,28,4,58,43.306775
$CH,13.800,L6E,204,3448,46.3,3.823625695,-91.912,-1275.228,13,0
$TIME,2022,3,28,4,58,43.374416
$CH,13.900,L6E,204,3473,46.3,3.823627621,-91.491,-1284.385,13,0
$TIME,2022,3,28,4,58,43.435549
$CH,14.000,L6E,204,3498,46.3,3.823630806,-91.598,-1293.541,13,0
$TIME,2022,3,28,4,58,43.501524
$CH,14.100,L6E,204,3523,46.4,3.823638166,-91.042,-1302.707,13,0
$TIME,2022,3,28,4,58,43.558318
$CH,14.200,L6E,204,3548,46.4,3.823648947,-91.086,-1311.860,13,0
$TIME,2022,3,28,4,58,43.624551
$CH,14.300,L6E,204,3573,46.4,3.823661063,-91.587,-1321.019,13,0
$TIME,2022,3,28,4,58,43.683428
$CH,14.400,L6E,204,3598,46.4,3.823676452,-91.631,-1330.176,13,0
$TIME,2022,3,28,4,58,43.966931
$CH,14.500,L6E,204,3623,46.4,3.823693544,-91.422,-1339.335,13,0
$TIME,2022,3,28,4,58,44.023257
$CH,14.600,L6E,204,3648,46.4,3.823707854,-91.606,-1348.491,13,0
$TIME,2022,3,28,4,58,44.078493
$CH,14.700,L6E,204,3673,46.4,3.823708223,-91.030,-1357.652,13,0
$L6FRM,13.776,L6E,204,0,1ACFFC1DCC2183AE322390981D7184800000C020098F0400D1907FF8200BFFCB40DFF8E88FFF92911FDF3013FF8FC14003CF9800B631A00D349E00C49A1FFE12A2007E4A7FFC80A9FF902AA001AC31FFEB532008FA34000C4BA002853DFFFC63E00372C1FF6D4810B13FC82500000443FECE38BFB73B1FDA0B24FB9460BFC05A9FF275247D2928CFF8D89BFB9CF3BFCC607FEB0291FC085A5FDAB54FFBDB2A7EE0875FD4346DF9186000000000000000000000000000000000000000000000000000000000000000000000000000000000000000000000000000FCAAC6272DF68CBD840BB29B4715D689E25DAED4D8484B9586D09CD1459CAC0F
$TIME,2022,3,28,4,58,44.134165
$CH,14.800,L6E,204,3698,46.4,3.823708814,-91.684,-1366.816,14,0
$TIME,2022,3,28,4,58,44.193005
$CH,14.900,L6E,204,3723,46.4,3.823708923,-91.574,-1375.970,14,0
$TIME,2022,3,28,4,58,44.258012
$CH,15.000,L6E,204,3748,46.4,3.823709269,-91.188,-1385.126,14,0
$TIME,2022,3,28,4,58,44.316066
$CH,15.100,L6E,204,3773,46.7,3.823712234,-91.600,-1394.280,14,0
$TIME,2022,3,28,4,58,44.372145
$CH,15.200,L6E,204,3798,46.7,3.823716712,-91.655,-1403.427,14,0
$TIME,2022,3,28,4,58,44.430764
$CH,15.300,L6E,204,3823,46.7,3.823723982,-91.530,-1412.588,14,0
$TIME,2022,3,28,4,58,44.488064
$CH,15.400,L6E,204,3848,46.7,3.823733979,-91.475,-1421.738,14,0
$TIME,2022,3,28,4,58,44.772437
$CH,15.500,L6E,204,3873,46.7,3.823746141,-91.736,-1430.891,14,0
$TIME,2022,3,28,4,58,44.829080
$CH,15.600,L6E,204,3898,46.7,3.823762832,-91.744,-1440.043,14,0
$TIME,2022,3,28,4,58,44.889129
$CH,15.700,L6E,204,3923,46.7,3.823779531,-91.270,-1449.198,14,0
$L6FRM,14.776,L6E,204,0,1ACFFC1DCC2183AE322390841D71965000002016CFFB56805DAC002B7FFCA7FFFE8002F84C80019E7F22BFF7D40001DBFFB7FFFC40CFFFED9301A5601455FFEEF8000E00072291000E12017F5FFAF3FFED70005DFFE8C60B00070BFE63C003A7FFEFBFFE67FFEA8E5C000D2FFDE100007FFFE83FFDE7FFC6216400581FFB15005FFFFFF9FFFD0FFFDA492FFF16201491FF687FFEA400021FFEE410941D7196A0000040248448648A48C48E490492480000000000000000000000000000000000000000000000000000000000000000000000000000000000000076B7E5D0DA63DF9A31FA15F87EC1B9AD5CE326302BB30C6DA365225205FAA808
$TIME,2022,3,28,4,58,44.947613
$CH,15.800,L6E,204,3948,46.7,3.823791241,-91.726,-1458.354,15,0
$TIME,2022,3,28,4,58,45.004627
$CH,15.900,L6E,204,3973,46.7,3.823793219,-92.003,-1467.507,15,0
$TIME,2022,3,28,4,58,45.059970
$CH,16.000,L6E,204,3998,46.7,3.823792250,-91.103,-1476.656,15,0
$TIME,2022,3,28,4,58,45.120852
$CH,16.100,L6E,204,4023,46.7,3.823792961,-91.827,-1485.797,15,0
$TIME,2022,3,28,4,58,45.186739
$CH,16.200,L6E,204,4048,46.7,3.823793404,-91.600,-1494.944,15,0
$TIME,2022,3,28,4,58,45.244374
$CH,16.300,L6E,204,4073,46.7,3.823796943,-91.071,-1504.081,15,0
$TIME,2022,3,28,4,58,45.301503
$CH,16.400,L6E,204,4098,46.7,3.823803401,-91.552,-1513.222,15,0
$TIME,2022,3,28,4,58,45.367617
$CH,16.500,L6E,204,4123,46.7,3.823812151,-91.479,-1522.356,15,0
$TIME,2022,3,28,4,58,45.657269
$CH,16.600,L6E,204,4148,46.7,3.823824908,-91.108,-1531.499,15,0
$TIME,2022,3,28,4,58,45.714426
$CH,16.700,L6E,204,4173,46.7,3.823838595,-91.243,-1540.639,15,0
$L6FRM,15.776,L6E,204,0,1ACFFC1DCC2183AE422390981D7204800000C020098E8400D1107FF81C0BFFCAF0DFF8E88FFF94211FDF1C13FF8FA14003C91800B401A00D411E00C3EA1FFE1B22007DDA7FFC8629FF90CAA001B5B1FFEB1B2008FB34000CB3A002933DFFFC6BE0037F41FF6D3010B13FCC2500000443FECFE8BFB6391FD9FE44FB936CBFC0451FF271547D288CCFF8E69BFB9AFBBFCC047FEB00F1FC08365FDAA5CFFBDC3A7EE0A15FD42AEDF915980000000000000000000000000000000000000000000000000000000000000000000000000000000000000000000000000029682BDC8C7566E69C936344C6DF8856942AD92045FC7F96832B349D972D75AA
$TIME,2022,3,28,4,58,45.771979
$CH,16.800,L6E,204,4198,46.7,3.823855525,-91.032,-1549.772,16,0
$TIME,2022,3,28,4,58,45.828368
$CH,16.900,L6E,204,4223,46.7,3.823873053,-91.136,-1558.909,16,0
$TIME,2022,3,28,4,58,45.891631
$CH,17.000,L6E,204,4248,46.7,3.823875477,-91.605,-1568.043,16,0
$TIME,2022,3,28,4,58,45.949326
$CH,17.100,L6E,204,4273,46.6,3.823875926,-91.433,-1577.172,16,0
$TIME,2022,3,28,4,58,46.006885
$CH,17.200,L6E,204,4298,46.6,3.823875329,-91.100,-1586.306,16,0
$TIME,2022,3,28,4,58,46.062421
$CH,17.300,L6E,204,4323,46.6,3.823876200,-91.285,-1595.443,16,0
$TIME,2022,3,28,4,58,46.127569
$CH,17.400,L6E,204,4348,46.6,3.823878506,-91.312,-1604.573,16,0
$TIME,2022,3,28,4,58,46.193517
$CH,17.500,L6E,204,4373,46.6,3.823883280,-90.742,-1613.699,16,0
$TIME,2022,3,28,4,58,46.481187
$CH,17.600,L6E,204,4398,46.6,3.823891001,-91.133,-1622.814,16,0
$TIME,2022,3,28,4,58,46.538617
$CH,17.700,L6E,204,4423,46.6,3.823901824,-91.056,-1631.943,16,0
$L6FRM,16.776,L6E,204,0,1ACFFC1DCC2183AE422390841D719650000020A5F000283FFEFBFFDC7FFFA200014001918700004580914004BCFFF9C7FFF68002634F7FF9790117DFF931FFF2880031FFF807ABFFF68C00F33FF311FFED5000140003500F000C77FDF4C0047BFFFB60005BFFDAA2140026F7FD857FCBCFFFDE7FFDE800204D24008D1FF73BFFD80FFFF57FF8500000A228008940032FFFE0DFFF6CFFFE7FFF2810941D7196A0000041449849A51E5204A24A64A84800000000000000000000000000000000000000000000000000000000000000000000000000000000000000B2AE0C62BAFA2DD5D3865F2754458CAFF2C63760920B9F5670F9E48BE847F3A4
$TIME,2022,3,28,4,58,46.595867
$CH,17.800,L6E,204,4448,46.6,3.823915382,-91.114,-1641.079,17,0
$TIME,2022,3,28,4,58,46.660901
$CH,17.900,L6E,204,4473,46.6,3.823929720,-91.369,-1650.212,17,0
$TIME,2022,3,28,4,58,46.717484
$CH,18.000,L6E,204,4498,46.6,3.823947078,-91.377,-1659.339,17,0
$TIME,2022,3,28,4,58,46.777091
$CH,18.100,L6E,204,4523,46.8,3.823959610,-91.349,-1668.470,17,0
$TIME,2022,3,28,4,58,46.831411
$CH,18.200,L6E,204,4548,46.8,3.823957856,-91.345,-1677.601,17,0
$TIME,2022,3,28,4,58,46.890958
$CH,18.300,L6E,204,4573,46.8,3.823958502,-91.227,-1686.728,17,0
$TIME,2022,3,28,4,58,46.951551
$CH,18.400,L6E,204,4598,46.8,3.823959713,-91.071,-1695.849,17,0
$TIME,2022,3,28,4,58,47.011504
$CH,18.500,L6E,204,4623,46.8,3.823960396,-90.828,-1704.977,17,0
$TIME,2022,3,28,4,58,47.070237
$CH,18.600,L6E,204,4648,46.8,3.823962484,-91.501,-1714.105,17,0
$TIME,2022,3,28,4,58,47.356450
$CH,18.700,L6E,204,4673,46.8,3.823968340,-91.366,-1723.231,17,0
$L6FRM,17.776,L6E,204,0,1ACFFC1DCC2183AE522390981D7284800000C020098E0400D0E07FF8268BFFCA58DFF8EB8FFF95911FDF0513FF8FF94003C91800B241A00D411E00C36A1FFE1E22007CF27FFC83A9FF91E2A001C0B1FFEA8B2008FC34000C83A002943DFFFCEBE0038BC1FF6D8010B13FD02500000443FED090BFB5E01FD9EDA4FB9258BFC01C9FF26CD47D2734CFF8FB9BFB9BB3BFCC327FEB1111FC084A5FDAAFCFFBDA8A7EE0A95FD42FEDF9166000000000000000000000000000000000000000000000000000000000000000000000000000000000000000000000000000BFE844DF14FDE680BBAA19FB5205F807EFD650DD22161BDE289951B84F959EB2
$TIME,2022,3,28,4,58,47.411520
$CH,18.800,L6E,204,4698,46.8,3.823976678,-91.072,-1732.354,18,0
$TIME,2022,3,28,4,58,47.467956
$CH,18.900,L6E,204,4723,46.8,3.823987411,-91.155,-1741.471,18,0
$TIME,2022,3,28,4,58,47.526204
$CH,19.000,L6E,204,4748,46.8,3.824001961,-91.755,-1750.592,18,0
$TIME,2022,3,28,4,58,47.582906
$CH,19.100,L6E,204,4773,46.8,3.824017720,-91.225,-1759.705,18,0
$TIME,2022,3,28,4,58,47.637263
$CH,19.200,L6E,204,4798,46.8,3.824036354,-90.927,-1768.818,18,0
$TIME,2022,3,28,4,58,47.695939
$CH,19.300,L6E,204,4823,46.8,3.824042157,-91.059,-1777.918,18,0
$TIME,2022,3,28,4,58,47.754694
$CH,19.400,L6E,204,4848,46.8,3.824042390,-90.825,-1787.041,18,0
$TIME,2022,3,28,4,58,47.812401
$CH,19.500,L6E,204,4873,46.8,3.824042350,-90.918,-1796.143,18,0
$TIME,2022,3,28,4,58,47.867139
$CH,19.600,L6E,204,4898,46.8,3.824041982,-91.322,-1805.251,18,0
$TIME,2022,3,28,4,58,48.154404
$CH,19.700,L6E,204,4923,46.8,3.824045177,-91.077,-1814.370,18,0
$L6FRM,18.776,L6E,204,0,1ACFFC1DCC2183AE522390841D71945000002151AFFE0FBFD6CC00FE3FFFA2002C00009305C003027F985800A3000003FFC1800376420005FC0062500452FFF6F7FFED0003ED1B000FFBFF86000619FFFF9FFF91FFF29D3700174C001EC00B2BFFF33FFEEFFFE4BC67FFD088008B80074FFFD73FFD1FFFFC7D8C0019300860FFDCAFFF79FFFC1FFFFF0137FF481FF6F9FFA09FFF690004A0019010941D7194A0000042A4B05324B44BA4BC4BE4C0480000000000000000000000000000000000000000000000000000000000000000000000000000000000000048242D4108EFF25F1960CB49EF97EED9FEBD2148E206D7980CE84D2A6745C06F
$TIME,2022,3,28,4,58,48.216274
$CH,19.800,L6E,204,4948,46.8,3.824049913,-91.382,-1823.483,19,0
$TIME,2022,3,28,4,58,48.272126
$CH,19.900,L6E,204,4973,46.8,3.824055882,-91.241,-1832.593,19,0
$TIME,2022,3,28,4,58,48.327118
$CH,20.000,L6E,204,4998,46.8,3.824064871,-90.866,-1841.709,19,0
$TIME,2022,3,28,4,58,48.381974
$CH,20.100,L6E,204,5023,47.3,3.824076312,-91.007,-1850.824,19,0
$TIME,2022,3,28,4,58,48.436649
$CH,20.200,L6E,204,5048,47.3,3.824090330,-91.095,-1859.947,19,0
$TIME,2022,3,28,4,58,48.494813
$CH,20.300,L6E,204,5073,47.3,3.824106264,-91.349,-1869.054,19,0
$TIME,2022,3,28,4,58,48.551743
$CH,20.400,L6E,204,5098,47.3,3.824125416,-91.186,-1878.170,19,0
$TIME,2022,3,28,4,58,48.614396
$CH,20.500,L6E,204,5123,47.3,3.824125429,-91.319,-1887.289,19,0
$TIME,2022,3,28,4,58,48.670012
$CH,20.600,L6E,204,5148,47.3,3.824125629,-90.805,-1896.401,19,0
$TIME,2022,3,28,4,58,48.727567
$CH,20.700,L6E,204,5173,47.3,3.824125546,-91.379,-1905.498,19,0
$L6FRM,19.776,L6E,204,0,1ACFFC1DCC2183AE622390981D7304800000C020099D0400D0B87FF81E8BFFC9B8DFF8E80FFF96991FDEFF93FF8F894003CC1800B079A00D361E00C3021FFE2C22007C727FFC84A9FF9342A001C731FFEB132008FC34000C6BA00296BDFFFCBBE0039041FF6D8010B13FD42500000443FECEF0BFB6691FD9EFC4FB91B4BFC0349FF26DD47D26EACFF8ED1BFB9A9BBFCC5A7FEB1371FC07BE5FDAA5CFFBD8CA7EE1535FD4352DF9180000000000000000000000000000000000000000000000000000000000000000000000000000000000000000000000000000C42E9D2C5D467759E71B599869B2DBEC4C0BBBB1C25B70E66505201115F39278
$TIME,2022,3,28,4,58,49.012167
$CH,20.800,L6E,204,5198,47.3,3.824125074,-90.787,-1914.600,20,0
$TIME,2022,3,28,4,58,49.071680
$CH,20.900,L6E,204,5223,47.3,3.824127083,-91.105,-1923.704,20,0
$TIME,2022,3,28,4,58,49.127704
$CH,21.000,L6E,204,5248,47.3,3.824131960,-90.821,-1932.813,20,0
$TIME,2022,3,28,4,58,49.192037
$CH,21.100,L6E,204,5273,47.2,3.824138178,-91.169,-1941.914,20,0
$TIME,2022,3,28,4,58,49.251961
$CH,21.200,L6E,204,5298,47.2,3.824149288,-90.925,-1951.020,20,0
$TIME,2022,3,28,4,58,49.307554
$CH,21.300,L6E,204,5323,47.2,3.824162973,-91.093,-1960.128,20,0
$TIME,2022,3,28,4,58,49.362360
$CH,21.400,L6E,204,5348,47.2,3.824179148,-90.841,-1969.238,20,0
$TIME,2022,3,28,4,58,49.427142
$CH,21.500,L6E,204,5373,47.2,3.824195364,-91.353,-1978.350,20,0
$TIME,2022,3,28,4,58,49.482909
$CH,21.600,L6E,204,5398,47.2,3.824208237,-91.377,-1987.464,20,0
$TIME,2022,3,28,4,58,49.536749
$CH,21.700,L6E,204,5423,47.2,3.824209115,-91.419,-1996.567,20,0
$L6FRM,20.776,L6E,204,0,1ACFFC1DCC2183AE6223800000000000000000000000000000000000000000000000000000000000000000000000000000000000000000000000000000000000000000000000000000000000000000000000000000000000000000000000000000000000000000000000000000000000000000000000000000000000000000000000000000000000000000000000000000000000000000000000000000000000000000000000000000000000000000000000000000000000000000000000000000000000000000000000000000000000000000000000000000006C8411DB85636602AE1646FD00D08FAFFB6A99B2DFF5EA73E1E33881319B7D01
$TIME,2022,3,28,4,58,49.825592
$CH,21.800,L6E,204,5448,47.2,3.824208855,-91.576,-2005.679,21,0
$TIME,2022,3,28,4,58,49.885253
$CH,21.900,L6E,204,5473,47.2,3.824208941,-91.180,-2014.784,21,0
$TIME,2022,3,28,4,58,49.958632
$CH,22.000,L6E,204,5498,47.2,3.824209704,-90.936,-2023.897,21,0
$TIME,2022,3,28,4,58,50.021560
$CH,22.100,L6E,204,5523,47.0,3.824211896,-91.050,-2033.007,21,0
$TIME,2022,3,28,4,58,50.084532
$CH,22.200,L6E,204,5548,47.0,3.824216766,-90.853,-2042.120,21,0
$TIME,2022,3,28,4,58,50.147002
$CH,22.300,L6E,204,5573,47.0,3.824224354,-91.280,-2051.225,21,0
$TIME,2022,3,28,4,58,50.207719
$CH,22.400,L6E,204,5598,47.0,3.824235501,-91.239,-2060.329,21,0
$TIME,2022,3,28,4,58,50.271561
$CH,22.500,L6E,204,5623,47.0,3.824248266,-91.258,-2069.432,21,0
$TIME,2022,3,28,4,58,50.331018
$CH,22.600,L6E,204,5648,47.0,3.824265411,-91.163,-2078.527,21,0
$TIME,2022,3,28,4,58,50.388794
$CH,22.700,L6E,204,5673,47.0,3.824282494,-90.873,-2087.638,21,0
$L6FRM,21.776,L6E,204,0,1ACFFC1DCC2183AE722390981D7384A00000C02009980400D0F87FF81D8BFFC868DFF8E28FFF97191FDF1113FF8F914003C89800AED1A00D339E00C2321FFE2F22007BBA7FFC7D29FF949AA001D531FFEB732008F634000C3BA002A0BDFFFC83E003AD41FF6D5010B13FD82500000443FECD20BFB7551FD9F184FB914CBFC0669FF268747D2854CFF8DC5BFB98CBBFCC477FEB0D51FC08465FDAE14FFBD30A7EE1FF5FD43C2DF91B0000000000000000000000000000000000000000000000000000000000000000000000000000000000000000000000000000EA239D3CDABFA9707FCAF4129FF7F8EDDD6CE0381C165E6B0F71162EEF72FAB0
$TIME,2022,3,28,4,58,50.447892
$CH,22.800,L6E,204,5698,47.0,3.824292403,-91.087,-2096.750,22,0
$TIME,2022,3,28,4,58,50.740027
$CH,22.900,L6E,204,5723,47.0,3.824292456,-90.712,-2105.859,22,0
$TIME,2022,3,28,4,58,50.805682
$CH,23.000,L6E,204,5748,47.0,3.824292531,-90.931,-2114.960,22,0
$TIME,2022,3,28,4,58,50.867669
$CH,23.100,L6E,204,5773,46.8,3.824292267,-91.374,-2124.062,22,0
$TIME,2022,3,28,4,58,50.935933
$CH,23.200,L6E,204,5798,46.8,3.824292974,-90.946,-2133.163,22,0
$TIME,2022,3,28,4,58,51.003378
$CH,23.300,L6E,204,5823,46.8,3.824296231,-90.462,-2142.254,22,0
$TIME,2022,3,28,4,58,51.068335
$CH,23.400,L6E,204,5848,46.8,3.824302685,-91.285,-2151.350,22,0
$TIME,2022,3,28,4,58,51.130082
$CH,23.500,L6E,204,5873,46.8,3.824311503,-91.325,-2160.457,22,0
$TIME,2022,3,28,4,58,51.191897
$CH,23.600,L6E,204,5898,46.8,3.824324221,-90.890,-2169.564,22,0
$TIME,2022,3,28,4,58,51.253096
$CH,23.700,L6E,204,5923,46.8,3.824338150,-91.093,-2178.658,22,0
$L6FRM,22.776,L6E,204,0,1ACFFC1DCC2183AE7223909D3FD8B3000001012D0054DC02DA4030C7FFE13FFECFFFF788B40171C00D610008FFFF4F7FFA60019A32D004447FEC3C00A43FFEA0000C8001C90B4017E501EAF000D0FFF6480016FFFC652D0046B4010EBFB26BFFC09FFE7FFF979CB400B33FE6A1012AC000FD80064000AA82D0067140155802323FFE48002C80014B0B401BB1FEDE6FFA30FFFCEFFF6100068010AD3FD8B600000202808F19C43CA79CE41EC3C00000000000000000000000000000000000000000000000000000000000000000000000000000000000000000002B0CC6083FA7A5CF59DC7CF06770B74344133E74B96B733EEBF8B91ABC275C63
$TIME,2022,3,28,4,58,51.312481
$CH,23.800,L6E,204,5948,46.8,3.824356507,-91.067,-2187.752,23,0
$TIME,2022,3,28,4,58,51.604048
$CH,23.900,L6E,204,5973,46.8,3.824374479,-91.032,-2196.849,23,0
$TIME,2022,3,28,4,58,51.664828
$CH,24.000,L6E,204,5998,46.8,3.824375174,-91.327,-2205.945,23,0
$TIME,2022,3,28,4,58,51.726619
$CH,24.100,L6E,204,6023,46.9,3.824375517,-90.995,-2215.038,23,0
$TIME,2022,3,28,4,58,51.789187
$CH,24.200,L6E,204,6048,46.9,3.824376247,-90.255,-2224.131,23,0
$TIME,2022,3,28,4,58,51.847952
$CH,24.300,L6E,204,6073,46.9,3.824375806,-90.805,-2233.220,23,0
$TIME,2022,3,28,4,58,51.907626
$CH,24.400,L6E,204,6098,46.9,3.824375564,-90.895,-2242.301,23,0
$TIME,2022,3,28,4,58,51.965822
$CH,24.500,L6E,204,6123,46.9,3.824379921,-90.640,-2251.393,23,0
$TIME,2022,3,28,4,58,52.024784
$CH,24.600,L6E,204,6148,46.9,3.824388049,-91.206,-2260.480,23,0
$TIME,2022,3,28,4,58,52.085027
$CH,24.700,L6E,204,6173,46.9,3.824398941,-90.901,-2269.570,23,0
$L6FRM,23.776,L6E,204,0,1ACFFC1DCC2183AE822390981D7404A00000C020098E8400D1307FF8238BFFC800DFF8E90FFF97B91FDF1C13FF8F814003C01800ADA1A00D2D9E00C1AA1FFE35A2007AE27FFC84A9FF95C2A001DF31FFEB132008F334000C8BA002A6BDFFFC7BE003AA41FF6CF010B13FDC2500000443FECD50BFB7CD1FD9E644FB9290BFC0519FF268247D28F6CFF8E01BFB98B3BFCC187FEB1311FC07CA5FDAD7CFFBCF2A7EE2075FD448ADF91B580000000000000000000000000000000000000000000000000000000000000000000000000000000000000000000000000058979E0152773D375583782716F0625138EBC7D0F485F88E66862099CC51183A
$TIME,2022,3,28,4,58,52.142204
$CH,24.800,L6E,204,6198,46.9,3.824410728,-90.695,-2278.656,24,0
$TIME,2022,3,28,4,58,52.435013
$CH,24.900,L6E,204,6223,46.9,3.824424893,-90.606,-2287.747,24,0
$TIME,2022,3,28,4,58,52.491847
$CH,25.000,L6E,204,6248,46.9,3.824442173,-90.540,-2296.822,24,0
$TIME,2022,3,28,4,58,52.556050
$CH,25.100,L6E,204,6273,46.9,3.824458600,-90.833,-2305.904,24,0
$TIME,2022,3,28,4,58,52.619917
$CH,25.200,L6E,204,6298,46.9,3.824457646,-90.872,-2314.992,24,0
$TIME,2022,3,28,4,58,52.683024
$CH,25.300,L6E,204,6323,46.9,3.824459340,-90.042,-2324.080,24,0
$TIME,2022,3,28,4,58,52.749016
$CH,25.400,L6E,204,6348,46.9,3.824459603,-91.089,-2333.175,24,0
$TIME,2022,3,28,4,58,52.820895
$CH,25.500,L6E,204,6373,46.9,3.824459050,-91.208,-2342.271,24,0
$TIME,2022,3,28,4,58,52.877223
$CH,25.600,L6E,204,6398,46.9,3.824459709,-90.284,-2351.363,24,0
$TIME,2022,3,28,4,58,52.935512
$CH,25.700,L6E,204,6423,46.9,3.824465337,-91.034,-2360.444,24,0
$L6FRM,24.776,L6E,204,0,1ACFFC1DCC2183AE8223909D3FD8B30000010D2D004163FE943FF4DFFFD46001C4004538B400D30FEE1CFF96FFFFB58008F000D0F2D005037FDA0402023FF9E1FFDDBFFDAC4B4010850095A008D5FFFAB800ABFFFF322D00194FF5F4404304001980005BFFC54CB401FC00083E00158FFF467FFC60016942DFFFE2802D97FE61000099FFCB40035D4B40066200C0C005B5000298007FFFFFC010AD3FD8B60000021A838E79D13E46CCFA2153800000000000000000000000000000000000000000000000000000000000000000000000000000000000000000007A6276949AA983C9B1519F08884CC61C6A3F5600575C86E01B057F7D45B3BD2E
$TIME,2022,3,28,4,58,52.999409
$CH,25.800,L6E,204,6448,46.9,3.824473136,-91.389,-2369.535,25,0
$TIME,2022,3,28,4,58,53.069116
$CH,25.900,L6E,204,6473,46.9,3.824482497,-90.913,-2378.625,25,0
$TIME,2022,3,28,4,58,53.365715
$CH,26.000,L6E,204,6498,46.9,3.824494923,-90.886,-2387.720,25,0
$TIME,2022,3,28,4,58,53.428159
$CH,26.100,L6E,204,6523,47.0,3.824509321,-91.133,-2396.809,25,0
$TIME,2022,3,28,4,58,53.489205
$CH,26.200,L6E,204,6548,47.0,3.824526054,-90.825,-2405.907,25,0
$TIME,2022,3,28,4,58,53.555250
$CH,26.300,L6E,204,6573,47.0,3.824541657,-90.781,-2414.998,25,0
$TIME,2022,3,28,4,58,53.625520
$CH,26.400,L6E,204,6598,47.0,3.824541037,-91.087,-2424.086,25,0
$TIME,2022,3,28,4,58,53.685713
$CH,26.500,L6E,204,6623,47.0,3.824541504,-90.807,-2433.182,25,0
$TIME,2022,3,28,4,58,53.743409
$CH,26.600,L6E,204,6648,47.0,3.824541919,-91.160,-2442.270,25,0
$TIME,2022,3,28,4,58,53.805680
$CH,26.700,L6E,204,6673,47.0,3.824542543,-90.890,-2451.352,25,0
$L6FRM,25.776,L6E,204,0,1ACFFC1DCC2183AE922390981D7484A00000C02009948400D1507FF82B0BFFC680DFF8E50FFF98811FDF0793FF8F614003C99800AC39A00D289E00C0921FFE2DA2007AD27FFC8929FF969AA001F231FFEAEB2008F7B4000C7BA002B2BDFFFCABE003B341FF6D5010B13FE02500000443FECE90BFB7321FD9E124FB9234BFC0439FF269C47D2826CFF8F25BFB9B0BBFCC797FEB0F11FC08325FDAB7CFFBCC9A7EE22B5FD44B6DF91AC000000000000000000000000000000000000000000000000000000000000000000000000000000000000000000000000000442E974EF5751ADC5A91F1285E064452F8F07B18644997D9B2F63F33F6C8E816
$TIME,2022,3,28,4,58,53.865291
$CH,26.800,L6E,204,6698,47.0,3.824545697,-91.209,-2460.438,26,0
$TIME,2022,3,28,4,58,53.926340
$CH,26.900,L6E,204,6723,47.0,3.824551658,-90.978,-2469.526,26,0
$TIME,2022,3,28,4,58,54.213930
$CH,27.000,L6E,204,6748,47.0,3.824561069,-90.660,-2478.609,26,0
$TIME,2022,3,28,4,58,54.276575
$CH,27.100,L6E,204,6773,47.0,3.824572061,-90.699,-2487.683,26,0
$TIME,2022,3,28,4,58,54.341565
$CH,27.200,L6E,204,6798,47.0,3.824586179,-90.863,-2496.768,26,0
$TIME,2022,3,28,4,58,54.410794
$CH,27.300,L6E,204,6823,47.0,3.824601884,-90.523,-2505.857,26,0
$TIME,2022,3,28,4,58,54.480752
$CH,27.400,L6E,204,6848,47.0,3.824620097,-91.050,-2514.941,26,0
$TIME,2022,3,28,4,58,54.541388
$CH,27.500,L6E,204,6873,47.0,3.824625991,-91.128,-2524.035,26,0
$TIME,2022,3,28,4,58,54.605967
$CH,27.600,L6E,204,6898,47.0,3.824624490,-90.927,-2533.117,26,0
$TIME,2022,3,28,4,58,54.666196
$CH,27.700,L6E,204,6923,47.0,3.824626022,-90.585,-2542.200,26,0
$L6FRM,26.776,L6E,204,0,1ACFFC1DCC2183AE9223909D3FD8A3000000362D008F0BFFD0000FC400065FFFA8001F10AD3FD8A60000006C780000000000000000000000000000000000000000000000000000000000000000000000000000000000000000000000000000000000000000000000000000000000000000000000000000000000000000000000000000000000000000000000000000000000000000000000000000000000000000000000000000000000000000000000000000000000000000000000000000000000000000000000000000000000000000000000000000000000303772B69FB3A25E0A0FB7CF418111B4949846BCBEF747155B186B6FECA43601
$TIME,2022,3,28,4,58,54.729716
$CH,27.800,L6E,204,6948,47.0,3.824625174,-90.961,-2551.289,27,0
$TIME,2022,3,28,4,58,54.787781
$CH,27.900,L6E,204,6973,47.0,3.824626132,-90.746,-2560.372,27,0
$TIME,2022,3,28,4,58,54.844039
$CH,28.000,L6E,204,6998,47.0,3.824629324,-90.589,-2569.451,27,0
$TIME,2022,3,28,4,58,55.136496
$CH,28.100,L6E,204,7023,47.3,3.824635765,-90.678,-2578.529,27,0
$TIME,2022,3,28,4,58,55.200858
$CH,28.200,L6E,204,7048,47.3,3.824644086,-90.577,-2587.599,27,0
$TIME,2022,3,28,4,58,55.259819
$CH,28.300,L6E,204,7073,47.3,3.824655586,-90.800,-2596.679,27,0
$TIME,2022,3,28,4,58,55.318842
$CH,28.400,L6E,204,7098,47.3,3.824669133,-90.539,-2605.753,27,0
$TIME,2022,3,28,4,58,55.378389
$CH,28.500,L6E,204,7123,47.3,3.824686008,-90.645,-2614.835,27,0
$TIME,2022,3,28,4,58,55.436484
$CH,28.600,L6E,204,7148,47.3,3.824705844,-90.976,-2623.909,27,0
$TIME,2022,3,28,4,58,55.501753
$CH,28.700,L6E,204,7173,47.3,3.824708876,-91.028,-2632.996,27,0
$L6FRM,27.776,L6E,204,0,1ACFFC1DCC2183AEA22390981D7504A00000C02009938400D1487FF82A8BFFC460DFF8E50FFF99A11FDEEA13FF8F314003CA1800AC11A00D2E1E00C0CA1FFE32A20079827FFC9329FF9742A001F231FFEB732008F834000C8BA002C83DFFFCE3E003BB41FF6D2010B13FE42600000443FED060BFB6B11FD9D724FB91A8BFC0701FF268A47D27CECFF8D8DBFB99C3BFCC377FEB03F1FC073E5FDA9ACFFBCB9A7EE1F35FD449ADF91808000000000000000000000000000000000000000000000000000000000000000000000000000000000000000000000000008D35BFB38D19A81C51B95A7BF16B5E8E8BB7312A5499E791A3DF537B8D93364B
$TIME,2022,3,28,4,58,55.564975
$CH,28.800,L6E,204,7198,47.3,3.824709171,-90.810,-2642.074,28,0
$TIME,2022,3,28,4,58,55.632723
$CH,28.900,L6E,204,7223,47.3,3.824708819,-90.748,-2651.156,28,0
$TIME,2022,3,28,4,58,55.700788
$CH,29.000,L6E,204,7248,47.3,3.824708989,-90.763,-2660.239,28,0
$TIME,2022,3,28,4,58,55.987252
$CH,29.100,L6E,204,7273,47.7,3.824710935,-90.594,-2669.318,28,0
$TIME,2022,3,28,4,58,56.046204
$CH,29.200,L6E,204,7298,47.7,3.824717194,-90.739,-2678.391,28,0
$TIME,2022,3,28,4,58,56.103525
$CH,29.300,L6E,204,7323,47.7,3.824725589,-91.149,-2687.467,28,0
$TIME,2022,3,28,4,58,56.160563
$CH,29.400,L6E,204,7348,47.7,3.824736682,-91.027,-2696.563,28,0
$TIME,2022,3,28,4,58,56.219057
$CH,29.500,L6E,204,7373,47.7,3.824750441,-90.660,-2705.653,28,0
$TIME,2022,3,28,4,58,56.281849
$CH,29.600,L6E,204,7398,47.7,3.824766660,-90.854,-2714.738,28,0
$TIME,2022,3,28,4,58,56.340945
$CH,29.700,L6E,204,7423,47.7,3.824783907,-90.704,-2723.823,28,0
$L6FRM,28.776,L6E,204,0,1ACFFC1DCC2183AEA223800000000000000000000000000000000000000000000000000000000000000000000000000000000000000000000000000000000000000000000000000000000000000000000000000000000000000000000000000000000000000000000000000000000000000000000000000000000000000000000000000000000000000000000000000000000000000000000000000000000000000000000000000000000000000000000000000000000000000000000000000000000000000000000000000000000000000000000000000000005C268EE9699978BE1889444F9174C90D29EE348E06E69E5CD44E921819FD4EBF
$TIME,2022,3,28,4,58,56.397860
$CH,29.800,L6E,204,7448,47.7,3.824792280,-90.761,-2732.904,29,0
$TIME,2022,3,28,4,58,56.458000
$CH,29.900,L6E,204,7473,47.7,3.824791730,-91.313,-2741.983,29,0
$TIME,2022,3,28,4,58,56.518387
$CH,30.000,L6E,204,7498,47.7,3.824791185,-90.984,-2751.063,29,0
$TIME,2022,3,28,4,58,56.591178
$CH,30.100,L6E,204,7523,47.5,3.824791554,-90.318,-2760.142,29,0
$TIME,2022,3,28,4,58,56.655805
$CH,30.200,L6E,204,7548,47.5,3.824793125,-90.966,-2769.212,29,0
$TIME,2022,3,28,4,58,56.720771
$CH,30.300,L6E,204,7573,47.5,3.824795039,-90.835,-2778.284,29,0
$TIME,2022,3,28,4,58,56.791449
$CH,30.400,L6E,204,7598,47.5,3.824799671,-90.682,-2787.369,29,0
$LOG,25.869,,0,END FILE=../sample/L6_20211226_082212_12MHz_IQ.bin
